X Y Interpolated_Values
4.408985599999999749e+01 6.013632999999999562e+00 9.992057799890299297e-01
6.408985599999999749e+01 6.013632999999999562e+00 9.993304011870596248e-01
8.408985599999999749e+01 6.013632999999999562e+00 9.987507203848142723e-01
1.040898559999999975e+02 6.013632999999999562e+00 9.976161806868742987e-01
1.240898559999999975e+02 6.013632999999999562e+00 9.965837877572724102e-01
1.440898559999999975e+02 6.013632999999999562e+00 9.961931288130587703e-01
1.640898559999999975e+02 6.013632999999999562e+00 9.961772580332354243e-01
1.840898559999999975e+02 6.013632999999999562e+00 9.951847133849579530e-01
2.040898559999999975e+02 6.013632999999999562e+00 9.942784612067804284e-01
2.240898559999999975e+02 6.013632999999999562e+00 9.936964517734113711e-01
2.440898559999999975e+02 6.013632999999999562e+00 9.929545631125928917e-01
2.640898559999999975e+02 6.013632999999999562e+00 9.915656886055439490e-01
2.840898559999999975e+02 6.013632999999999562e+00 9.898755075415214266e-01
3.040898559999999975e+02 6.013632999999999562e+00 9.879270360584161415e-01
3.240898559999999975e+02 6.013632999999999562e+00 9.859309990229380150e-01
3.440898559999999975e+02 6.013632999999999562e+00 9.839838170034952425e-01
3.640898559999999975e+02 6.013632999999999562e+00 9.820905312572967283e-01
3.840898559999999975e+02 6.013632999999999562e+00 9.801763151124356366e-01
4.040898559999999975e+02 6.013632999999999562e+00 9.781215851767748326e-01
4.240898559999999975e+02 6.013632999999999562e+00 9.758308587368672571e-01
4.440898559999999975e+02 6.013632999999999562e+00 9.742342957957869087e-01
4.640898559999999975e+02 6.013632999999999562e+00 9.725574409424815325e-01
4.840898559999999975e+02 6.013632999999999562e+00 9.701303920390769164e-01
5.040898559999999975e+02 6.013632999999999562e+00 9.677378799855518299e-01
5.240898560000000543e+02 6.013632999999999562e+00 9.663198150564027422e-01
5.440898560000000543e+02 6.013632999999999562e+00 9.650700123068889358e-01
5.640898560000000543e+02 6.013632999999999562e+00 9.623340279788197282e-01
5.840898560000000543e+02 6.013632999999999562e+00 9.580204834847074746e-01
6.040898560000000543e+02 6.013632999999999562e+00 9.570195996080579359e-01
6.240898560000000543e+02 6.013632999999999562e+00 9.524084580413109125e-01
6.440898560000000543e+02 6.013632999999999562e+00 9.512169198901275768e-01
6.640898560000000543e+02 6.013632999999999562e+00 9.485748675410839992e-01
6.840898560000000543e+02 6.013632999999999562e+00 9.397024397146397368e-01
7.040898560000000543e+02 6.013632999999999562e+00 9.388976184254242963e-01
7.240898560000000543e+02 6.013632999999999562e+00 9.345449460608867831e-01
7.440898560000000543e+02 6.013632999999999562e+00 9.287479471593916847e-01
7.640898560000000543e+02 6.013632999999999562e+00 9.335846090254049656e-01
7.840898560000000543e+02 6.013632999999999562e+00 9.250733806981255025e-01
8.040898560000000543e+02 6.013632999999999562e+00 9.262328318239178016e-01
4.408985599999999749e+01 1.201363300000000045e+01 9.994070880756638076e-01
6.408985599999999749e+01 1.201363300000000045e+01 9.993921133938907797e-01
8.408985599999999749e+01 1.201363300000000045e+01 9.986923878290395740e-01
1.040898559999999975e+02 1.201363300000000045e+01 9.978276813866469031e-01
1.240898559999999975e+02 1.201363300000000045e+01 9.969292427112750321e-01
1.440898559999999975e+02 1.201363300000000045e+01 9.963228673795941903e-01
1.640898559999999975e+02 1.201363300000000045e+01 9.964072829839640821e-01
1.840898559999999975e+02 1.201363300000000045e+01 9.953082572613560774e-01
2.040898559999999975e+02 1.201363300000000045e+01 9.943326596634098902e-01
2.240898559999999975e+02 1.201363300000000045e+01 9.936351201323732063e-01
2.440898559999999975e+02 1.201363300000000045e+01 9.929991146301424543e-01
2.640898559999999975e+02 1.201363300000000045e+01 9.917022819862948424e-01
2.840898559999999975e+02 1.201363300000000045e+01 9.901206267682446382e-01
3.040898559999999975e+02 1.201363300000000045e+01 9.881931471103675424e-01
3.240898559999999975e+02 1.201363300000000045e+01 9.863307472494058370e-01
3.440898559999999975e+02 1.201363300000000045e+01 9.845032690651930318e-01
3.640898559999999975e+02 1.201363300000000045e+01 9.827854360653418553e-01
3.840898559999999975e+02 1.201363300000000045e+01 9.810846296047986970e-01
4.040898559999999975e+02 1.201363300000000045e+01 9.791824985924433289e-01
4.240898559999999975e+02 1.201363300000000045e+01 9.773459039115672820e-01
4.440898559999999975e+02 1.201363300000000045e+01 9.760676883483355715e-01
4.640898559999999975e+02 1.201363300000000045e+01 9.745833102930643310e-01
4.840898559999999975e+02 1.201363300000000045e+01 9.723592194556583967e-01
5.040898559999999975e+02 1.201363300000000045e+01 9.702622616937406352e-01
5.240898560000000543e+02 1.201363300000000045e+01 9.699250954608148456e-01
5.440898560000000543e+02 1.201363300000000045e+01 9.706294144978675487e-01
5.640898560000000543e+02 1.201363300000000045e+01 9.704959967056749903e-01
5.840898560000000543e+02 1.201363300000000045e+01 9.666693651714010072e-01
6.040898560000000543e+02 1.201363300000000045e+01 9.670472323117775826e-01
6.240898560000000543e+02 1.201363300000000045e+01 9.641404059979051810e-01
6.440898560000000543e+02 1.201363300000000045e+01 9.646582834248106364e-01
6.640898560000000543e+02 1.201363300000000045e+01 9.633121852481935088e-01
6.840898560000000543e+02 1.201363300000000045e+01 9.594743130517811025e-01
7.040898560000000543e+02 1.201363300000000045e+01 9.612077125815253753e-01
7.240898560000000543e+02 1.201363300000000045e+01 9.608626784813436572e-01
7.440898560000000543e+02 1.201363300000000045e+01 9.587033042965835694e-01
7.640898560000000543e+02 1.201363300000000045e+01 9.614835530954928267e-01
7.840898560000000543e+02 1.201363300000000045e+01 9.494500941100227909e-01
8.040898560000000543e+02 1.201363300000000045e+01 9.495095090200925680e-01
4.408985599999999749e+01 1.801363299999999867e+01 9.995637420747097712e-01
6.408985599999999749e+01 1.801363299999999867e+01 9.993410850234750731e-01
8.408985599999999749e+01 1.801363299999999867e+01 9.986330523136756065e-01
1.040898559999999975e+02 1.801363299999999867e+01 9.980086080109404900e-01
1.240898559999999975e+02 1.801363299999999867e+01 9.972267241895930168e-01
1.440898559999999975e+02 1.801363299999999867e+01 9.966521527410370229e-01
1.640898559999999975e+02 1.801363299999999867e+01 9.966408183345091265e-01
1.840898559999999975e+02 1.801363299999999867e+01 9.954905272369910518e-01
2.040898559999999975e+02 1.801363299999999867e+01 9.944459232509936797e-01
2.240898559999999975e+02 1.801363299999999867e+01 9.936393099817819596e-01
2.440898559999999975e+02 1.801363299999999867e+01 9.930746616897734302e-01
2.640898559999999975e+02 1.801363299999999867e+01 9.919091068647317710e-01
2.840898559999999975e+02 1.801363299999999867e+01 9.904223540652787872e-01
3.040898559999999975e+02 1.801363299999999867e+01 9.885458956031925037e-01
3.240898559999999975e+02 1.801363299999999867e+01 9.867994196323752742e-01
3.440898559999999975e+02 1.801363299999999867e+01 9.851838231215319652e-01
3.640898559999999975e+02 1.801363299999999867e+01 9.835933515178509889e-01
3.840898559999999975e+02 1.801363299999999867e+01 9.820410812858465510e-01
4.040898559999999975e+02 1.801363299999999867e+01 9.803357879773860750e-01
4.240898559999999975e+02 1.801363299999999867e+01 9.789504257771306506e-01
4.440898559999999975e+02 1.801363299999999867e+01 9.780012823911202746e-01
4.640898559999999975e+02 1.801363299999999867e+01 9.767900326915233133e-01
4.840898559999999975e+02 1.801363299999999867e+01 9.750349271641746141e-01
5.040898559999999975e+02 1.801363299999999867e+01 9.733582953121210357e-01
5.240898560000000543e+02 1.801363299999999867e+01 9.740101313755911150e-01
5.440898560000000543e+02 1.801363299999999867e+01 9.760342617498976026e-01
5.640898560000000543e+02 1.801363299999999867e+01 9.775425180495952437e-01
5.840898560000000543e+02 1.801363299999999867e+01 9.757065174270111996e-01
6.040898560000000543e+02 1.801363299999999867e+01 9.767365601313660051e-01
6.240898560000000543e+02 1.801363299999999867e+01 9.752023154264963800e-01
6.440898560000000543e+02 1.801363299999999867e+01 9.764217145912048590e-01
6.640898560000000543e+02 1.801363299999999867e+01 9.771267001457570878e-01
6.840898560000000543e+02 1.801363299999999867e+01 9.768604518467680631e-01
7.040898560000000543e+02 1.801363299999999867e+01 9.792713803630451741e-01
7.240898560000000543e+02 1.801363299999999867e+01 9.784114832801742434e-01
7.440898560000000543e+02 1.801363299999999867e+01 9.763888838256368219e-01
7.640898560000000543e+02 1.801363299999999867e+01 9.793938777949612318e-01
7.840898560000000543e+02 1.801363299999999867e+01 9.661571391985631641e-01
8.040898560000000543e+02 1.801363299999999867e+01 9.687298588688513235e-01
4.408985599999999749e+01 2.401363299999999867e+01 9.996515517140162066e-01
6.408985599999999749e+01 2.401363299999999867e+01 9.992781975893569868e-01
8.408985599999999749e+01 2.401363299999999867e+01 9.985728766914712118e-01
1.040898559999999975e+02 2.401363299999999867e+01 9.981599173034533257e-01
1.240898559999999975e+02 2.401363299999999867e+01 9.974862547598195572e-01
1.440898559999999975e+02 2.401363299999999867e+01 9.971047625707240014e-01
1.640898559999999975e+02 2.401363299999999867e+01 9.968929618207935661e-01
1.840898559999999975e+02 2.401363299999999867e+01 9.957347862646183101e-01
2.040898559999999975e+02 2.401363299999999867e+01 9.946101050751855466e-01
2.240898559999999975e+02 2.401363299999999867e+01 9.936983398367499332e-01
2.440898559999999975e+02 2.401363299999999867e+01 9.931942243384035418e-01
2.640898559999999975e+02 2.401363299999999867e+01 9.921975898274483230e-01
2.840898559999999975e+02 2.401363299999999867e+01 9.907924441070043997e-01
3.040898559999999975e+02 2.401363299999999867e+01 9.890125944430845362e-01
3.240898559999999975e+02 2.401363299999999867e+01 9.873883821484668033e-01
3.440898559999999975e+02 2.401363299999999867e+01 9.860124049473532049e-01
3.640898559999999975e+02 2.401363299999999867e+01 9.846178255039923499e-01
3.840898559999999975e+02 2.401363299999999867e+01 9.832291693873185245e-01
4.040898559999999975e+02 2.401363299999999867e+01 9.816332588932152881e-01
4.240898559999999975e+02 2.401363299999999867e+01 9.807076094371154351e-01
4.440898559999999975e+02 2.401363299999999867e+01 9.801195352425075003e-01
4.640898559999999975e+02 2.401363299999999867e+01 9.790180395870528018e-01
4.840898559999999975e+02 2.401363299999999867e+01 9.778197451812982166e-01
5.040898559999999975e+02 2.401363299999999867e+01 9.765033903512104763e-01
5.240898560000000543e+02 2.401363299999999867e+01 9.782089108830331892e-01
5.440898560000000543e+02 2.401363299999999867e+01 9.809387638304741808e-01
5.640898560000000543e+02 2.401363299999999867e+01 9.830143745602246685e-01
5.840898560000000543e+02 2.401363299999999867e+01 9.843218413002096101e-01
6.040898560000000543e+02 2.401363299999999867e+01 9.857117298431047336e-01
6.240898560000000543e+02 2.401363299999999867e+01 9.849073271386108441e-01
6.440898560000000543e+02 2.401363299999999867e+01 9.867114346726864049e-01
6.640898560000000543e+02 2.401363299999999867e+01 9.885721497993757989e-01
6.840898560000000543e+02 2.401363299999999867e+01 9.901485909296011689e-01
7.040898560000000543e+02 2.401363299999999867e+01 9.926577817757398225e-01
7.240898560000000543e+02 2.401363299999999867e+01 9.927224054137221421e-01
7.440898560000000543e+02 2.401363299999999867e+01 9.889769437641826588e-01
7.640898560000000543e+02 2.401363299999999867e+01 9.941864919496952169e-01
7.840898560000000543e+02 2.401363299999999867e+01 9.774475195510949899e-01
8.040898560000000543e+02 2.401363299999999867e+01 9.853384048749361801e-01
2.408985600000000105e+01 3.001363299999999867e+01 9.996201152745374241e-01
4.408985599999999749e+01 3.001363299999999867e+01 9.996678569311744367e-01
6.408985599999999749e+01 3.001363299999999867e+01 9.992139100491662651e-01
8.408985599999999749e+01 3.001363299999999867e+01 9.985120238151736771e-01
1.040898559999999975e+02 3.001363299999999867e+01 9.982825660078818997e-01
1.240898559999999975e+02 3.001363299999999867e+01 9.977154233878481326e-01
1.440898559999999975e+02 3.001363299999999867e+01 9.975322284464392952e-01
1.640898559999999975e+02 3.001363299999999867e+01 9.971788111787392994e-01
1.840898559999999975e+02 3.001363299999999867e+01 9.960493576205541322e-01
2.040898559999999975e+02 3.001363299999999867e+01 9.948188601787177898e-01
2.240898559999999975e+02 3.001363299999999867e+01 9.938253521758485531e-01
2.440898559999999975e+02 3.001363299999999867e+01 9.933709524318364847e-01
2.640898559999999975e+02 3.001363299999999867e+01 9.925768315709821987e-01
2.840898559999999975e+02 3.001363299999999867e+01 9.912522814256289339e-01
3.040898559999999975e+02 3.001363299999999867e+01 9.896128477982094607e-01
3.240898559999999975e+02 3.001363299999999867e+01 9.881871468060823283e-01
3.440898559999999975e+02 3.001363299999999867e+01 9.870379200074672621e-01
3.640898559999999975e+02 3.001363299999999867e+01 9.858645743201536193e-01
3.840898559999999975e+02 3.001363299999999867e+01 9.846213269161420145e-01
4.040898559999999975e+02 3.001363299999999867e+01 9.830132331822882819e-01
4.240898559999999975e+02 3.001363299999999867e+01 9.826274961918158857e-01
4.440898559999999975e+02 3.001363299999999867e+01 9.823733891156470888e-01
4.640898559999999975e+02 3.001363299999999867e+01 9.812799214277231341e-01
4.840898559999999975e+02 3.001363299999999867e+01 9.806603862856397846e-01
5.040898559999999975e+02 3.001363299999999867e+01 9.796443818175473162e-01
5.240898560000000543e+02 3.001363299999999867e+01 9.824844161629358030e-01
5.440898560000000543e+02 3.001363299999999867e+01 9.850661284721288213e-01
5.640898560000000543e+02 3.001363299999999867e+01 9.885376357667764458e-01
5.840898560000000543e+02 3.001363299999999867e+01 9.919554862772654857e-01
6.040898560000000543e+02 3.001363299999999867e+01 9.935954444919234962e-01
6.240898560000000543e+02 3.001363299999999867e+01 9.927412001242260642e-01
6.440898560000000543e+02 3.001363299999999867e+01 9.948205163771838277e-01
6.640898560000000543e+02 3.001363299999999867e+01 9.973232784597728662e-01
6.840898560000000543e+02 3.001363299999999867e+01 1.000635589017495164e+00
7.040898560000000543e+02 3.001363299999999867e+01 1.002694393652300953e+00
7.240898560000000543e+02 3.001363299999999867e+01 1.004220073286882231e+00
7.440898560000000543e+02 3.001363299999999867e+01 9.974814864499605971e-01
7.640898560000000543e+02 3.001363299999999867e+01 1.006332621970986274e+00
7.840898560000000543e+02 3.001363299999999867e+01 9.845161079884623412e-01
8.040898560000000543e+02 3.001363299999999867e+01 9.985128922473768265e-01
2.408985600000000105e+01 3.601363299999999867e+01 9.997204796763861090e-01
4.408985599999999749e+01 3.601363299999999867e+01 9.996211511315739040e-01
6.408985599999999749e+01 3.601363299999999867e+01 9.991485727675623041e-01
8.408985599999999749e+01 3.601363299999999867e+01 9.984506565375323994e-01
1.040898559999999975e+02 3.601363299999999867e+01 9.983775108679241450e-01
1.240898559999999975e+02 3.601363299999999867e+01 9.979213149533879834e-01
1.440898559999999975e+02 3.601363299999999867e+01 9.979124248378343776e-01
1.640898559999999975e+02 3.601363299999999867e+01 9.975134641442693351e-01
1.840898559999999975e+02 3.601363299999999867e+01 9.964493901323160374e-01
2.040898559999999975e+02 3.601363299999999867e+01 9.950779901902750968e-01
2.240898559999999975e+02 3.601363299999999867e+01 9.940354519287031287e-01
2.440898559999999975e+02 3.601363299999999867e+01 9.936315105260872249e-01
2.640898559999999975e+02 3.601363299999999867e+01 9.930558319387098321e-01
2.840898559999999975e+02 3.601363299999999867e+01 9.918456783040662250e-01
3.040898559999999975e+02 3.601363299999999867e+01 9.903108685399163447e-01
3.240898559999999975e+02 3.601363299999999867e+01 9.891514697358736452e-01
3.440898559999999975e+02 3.601363299999999867e+01 9.881337132096886799e-01
3.640898559999999975e+02 3.601363299999999867e+01 9.872747641399932661e-01
3.840898559999999975e+02 3.601363299999999867e+01 9.861588841345467760e-01
4.040898559999999975e+02 3.601363299999999867e+01 9.844562545371708939e-01
4.240898559999999975e+02 3.601363299999999867e+01 9.846541043128029802e-01
4.440898559999999975e+02 3.601363299999999867e+01 9.847068622821106842e-01
4.640898559999999975e+02 3.601363299999999867e+01 9.835477327883556109e-01
4.840898559999999975e+02 3.601363299999999867e+01 9.835036854837382325e-01
5.040898559999999975e+02 3.601363299999999867e+01 9.826967033766109694e-01
5.240898560000000543e+02 3.601363299999999867e+01 9.867836134224459155e-01
5.440898560000000543e+02 3.601363299999999867e+01 9.934060320478220740e-01
5.640898560000000543e+02 3.601363299999999867e+01 9.938691064617165560e-01
5.840898560000000543e+02 3.601363299999999867e+01 9.981412881391629188e-01
6.040898560000000543e+02 3.601363299999999867e+01 1.000174702780728397e+00
6.240898560000000543e+02 3.601363299999999867e+01 9.991078465085199145e-01
6.440898560000000543e+02 3.601363299999999867e+01 1.001216570961160901e+00
6.640898560000000543e+02 3.601363299999999867e+01 1.004445151156831306e+00
6.840898560000000543e+02 3.601363299999999867e+01 1.009259476862923277e+00
7.040898560000000543e+02 3.601363299999999867e+01 1.010038365551458872e+00
7.240898560000000543e+02 3.601363299999999867e+01 1.013097301847001530e+00
7.440898560000000543e+02 3.601363299999999867e+01 1.002916514220710376e+00
7.640898560000000543e+02 3.601363299999999867e+01 1.015057349514358220e+00
7.840898560000000543e+02 3.601363299999999867e+01 9.885875380804824974e-01
8.040898560000000543e+02 3.601363299999999867e+01 1.008317746233808210e+00
2.408985600000000105e+01 4.201363299999999867e+01 9.998141418891467458e-01
4.408985599999999749e+01 4.201363299999999867e+01 9.995620084674653461e-01
6.408985599999999749e+01 4.201363299999999867e+01 9.990825361092044998e-01
8.408985599999999749e+01 4.201363299999999867e+01 9.983889377112944441e-01
1.040898559999999975e+02 4.201363299999999867e+01 9.984457086272782167e-01
1.240898559999999975e+02 4.201363299999999867e+01 9.981043087765645305e-01
1.440898559999999975e+02 4.201363299999999867e+01 9.982477675162627628e-01
1.640898559999999975e+02 4.201363299999999867e+01 9.979144548435675555e-01
1.840898559999999975e+02 4.201363299999999867e+01 9.970299720928181841e-01
2.040898559999999975e+02 4.201363299999999867e+01 9.953942220167739663e-01
2.240898559999999975e+02 4.201363299999999867e+01 9.943437440249397463e-01
2.440898559999999975e+02 4.201363299999999867e+01 9.940337425889304024e-01
2.640898559999999975e+02 4.201363299999999867e+01 9.936499345265863425e-01
2.840898559999999975e+02 4.201363299999999867e+01 9.926045282483901833e-01
3.040898559999999975e+02 4.201363299999999867e+01 9.910636735840767653e-01
3.240898559999999975e+02 4.201363299999999867e+01 9.902336647272468317e-01
3.440898559999999975e+02 4.201363299999999867e+01 9.891349795142388990e-01
3.640898559999999975e+02 4.201363299999999867e+01 9.887906210684900277e-01
3.840898559999999975e+02 4.201363299999999867e+01 9.877840671475117684e-01
4.040898559999999975e+02 4.201363299999999867e+01 9.859405901988481657e-01
4.240898559999999975e+02 4.201363299999999867e+01 9.867314520716505832e-01
4.440898559999999975e+02 4.201363299999999867e+01 9.870231133464869577e-01
4.640898559999999975e+02 4.201363299999999867e+01 9.857942885900603525e-01
4.840898559999999975e+02 4.201363299999999867e+01 9.862964777821332518e-01
5.040898559999999975e+02 4.201363299999999867e+01 9.855530033022157355e-01
5.240898560000000543e+02 4.201363299999999867e+01 9.910534688687047122e-01
5.440898560000000543e+02 4.201363299999999867e+01 9.986019742123309895e-01
5.640898560000000543e+02 4.201363299999999867e+01 9.984855783530456330e-01
5.840898560000000543e+02 4.201363299999999867e+01 1.002995106681195292e+00
6.040898560000000543e+02 4.201363299999999867e+01 1.005367785600290276e+00
6.240898560000000543e+02 4.201363299999999867e+01 1.004345383101208355e+00
6.440898560000000543e+02 4.201363299999999867e+01 1.006194427685243920e+00
6.640898560000000543e+02 4.201363299999999867e+01 1.010270375878972837e+00
6.840898560000000543e+02 4.201363299999999867e+01 1.016250725701286051e+00
7.040898560000000543e+02 4.201363299999999867e+01 1.015543120300240965e+00
7.240898560000000543e+02 4.201363299999999867e+01 1.019546906041422174e+00
7.440898560000000543e+02 4.201363299999999867e+01 1.006295489844730717e+00
7.640898560000000543e+02 4.201363299999999867e+01 1.020624066970649446e+00
7.840898560000000543e+02 4.201363299999999867e+01 9.909306493134438787e-01
8.040898560000000543e+02 4.201363299999999867e+01 1.015026492351726706e+00
2.408985600000000105e+01 4.801363299999999867e+01 9.998499825283434506e-01
4.408985599999999749e+01 4.801363299999999867e+01 9.995019697479171628e-01
6.408985599999999749e+01 4.801363299999999867e+01 9.990161504387533586e-01
8.408985599999999749e+01 4.801363299999999867e+01 9.983270301892088749e-01
1.040898559999999975e+02 4.801363299999999867e+01 9.984881160296409375e-01
1.240898559999999975e+02 4.801363299999999867e+01 9.982647693600338323e-01
1.440898559999999975e+02 4.801363299999999867e+01 9.985410601901831829e-01
1.640898559999999975e+02 4.801363299999999867e+01 9.983642633963208946e-01
1.840898559999999975e+02 4.801363299999999867e+01 9.976614952919904411e-01
2.040898559999999975e+02 4.801363299999999867e+01 9.957742825651303420e-01
2.240898559999999975e+02 4.801363299999999867e+01 9.947658202215153844e-01
2.440898559999999975e+02 4.801363299999999867e+01 9.946316831832606731e-01
2.640898559999999975e+02 4.801363299999999867e+01 9.943220445965533782e-01
2.840898559999999975e+02 4.801363299999999867e+01 9.934889895053552467e-01
3.040898559999999975e+02 4.801363299999999867e+01 9.918708971186466217e-01
3.240898559999999975e+02 4.801363299999999867e+01 9.913888411261797540e-01
3.440898559999999975e+02 4.801363299999999867e+01 9.900792244782641305e-01
3.640898559999999975e+02 4.801363299999999867e+01 9.903504414211565798e-01
3.840898559999999975e+02 4.801363299999999867e+01 9.893646815759761237e-01
4.040898559999999975e+02 4.801363299999999867e+01 9.874445074083072482e-01
4.240898559999999975e+02 4.801363299999999867e+01 9.888035577399291176e-01
4.440898559999999975e+02 4.801363299999999867e+01 9.891367607685014329e-01
4.640898559999999975e+02 4.801363299999999867e+01 9.879924037539473680e-01
4.840898559999999975e+02 4.801363299999999867e+01 9.889855981873629798e-01
5.040898559999999975e+02 4.801363299999999867e+01 9.881899618846879951e-01
5.240898560000000543e+02 4.801363299999999867e+01 9.952409487088585971e-01
5.440898560000000543e+02 4.801363299999999867e+01 1.003396284003622574e+00
5.640898560000000543e+02 4.801363299999999867e+01 1.003357884739184192e+00
5.840898560000000543e+02 4.801363299999999867e+01 1.006902177901883855e+00
6.040898560000000543e+02 4.801363299999999867e+01 1.009382328354653247e+00
6.240898560000000543e+02 4.801363299999999867e+01 1.008566629844485751e+00
6.440898560000000543e+02 4.801363299999999867e+01 1.010032501281187489e+00
6.640898560000000543e+02 4.801363299999999867e+01 1.014854252699904036e+00
6.840898560000000543e+02 4.801363299999999867e+01 1.021502659538669366e+00
7.040898560000000543e+02 4.801363299999999867e+01 1.019599512341522018e+00
7.240898560000000543e+02 4.801363299999999867e+01 1.023761700817491960e+00
7.440898560000000543e+02 4.801363299999999867e+01 1.008245449834956897e+00
7.640898560000000543e+02 4.801363299999999867e+01 1.023341124351918374e+00
7.840898560000000543e+02 4.801363299999999867e+01 9.920099858585472719e-01
8.040898560000000543e+02 4.801363299999999867e+01 1.018912656118628579e+00
2.408985600000000105e+01 5.401363299999999867e+01 9.998072964150968023e-01
4.408985599999999749e+01 5.401363299999999867e+01 9.994413853375878620e-01
6.408985599999999749e+01 5.401363299999999867e+01 9.989497661208677215e-01
8.408985599999999749e+01 5.401363299999999867e+01 9.982650968240236455e-01
1.040898559999999975e+02 5.401363299999999867e+01 9.985056898418729343e-01
1.240898559999999975e+02 5.401363299999999867e+01 9.984030612064487276e-01
1.440898559999999975e+02 5.401363299999999867e+01 9.987951065680550355e-01
1.640898559999999975e+02 5.401363299999999867e+01 9.988084335642058997e-01
1.840898559999999975e+02 5.401363299999999867e+01 9.981940449843600405e-01
2.040898559999999975e+02 5.401363299999999867e+01 9.962248987422602786e-01
2.240898559999999975e+02 5.401363299999999867e+01 9.953018830913341608e-01
2.440898559999999975e+02 5.401363299999999867e+01 9.954054115813002479e-01
2.640898559999999975e+02 5.401363299999999867e+01 9.950363343703502172e-01
2.840898559999999975e+02 5.401363299999999867e+01 9.944492521902689175e-01
3.040898559999999975e+02 5.401363299999999867e+01 9.927191443120406689e-01
3.240898559999999975e+02 5.401363299999999867e+01 9.925721082786472804e-01
3.440898559999999975e+02 5.401363299999999867e+01 9.910799782116428425e-01
3.640898559999999975e+02 5.401363299999999867e+01 9.918707791563718956e-01
3.840898559999999975e+02 5.401363299999999867e+01 9.907820503427234859e-01
4.040898559999999975e+02 5.401363299999999867e+01 9.889462734065331828e-01
4.240898559999999975e+02 5.401363299999999867e+01 9.908109414502389578e-01
4.440898559999999975e+02 5.401363299999999867e+01 9.910086012981877968e-01
4.640898559999999975e+02 5.401363299999999867e+01 9.901148932011276660e-01
4.840898559999999975e+02 5.401363299999999867e+01 9.915178814777101390e-01
5.040898559999999975e+02 5.401363299999999867e+01 9.905951798835785915e-01
5.240898560000000543e+02 5.401363299999999867e+01 9.992930191500499770e-01
5.440898560000000543e+02 5.401363299999999867e+01 1.007735927628841566e+00
5.640898560000000543e+02 5.401363299999999867e+01 1.008303874521635057e+00
5.840898560000000543e+02 5.401363299999999867e+01 1.009891716740901391e+00
6.040898560000000543e+02 5.401363299999999867e+01 1.012249346463149013e+00
6.240898560000000543e+02 5.401363299999999867e+01 1.011827282535130434e+00
6.440898560000000543e+02 5.401363299999999867e+01 1.012879755207975574e+00
6.640898560000000543e+02 5.401363299999999867e+01 1.018009006245357950e+00
6.840898560000000543e+02 5.401363299999999867e+01 1.024819061466406334e+00
7.040898560000000543e+02 5.401363299999999867e+01 1.022378031918613317e+00
7.240898560000000543e+02 5.401363299999999867e+01 1.025934501122552689e+00
7.440898560000000543e+02 5.401363299999999867e+01 1.009049112373620272e+00
7.640898560000000543e+02 5.401363299999999867e+01 1.023516871670221207e+00
7.840898560000000543e+02 5.401363299999999867e+01 9.921288353260414583e-01
8.040898560000000543e+02 5.401363299999999867e+01 1.020249763052008651e+00
2.408985600000000105e+01 6.001363299999999867e+01 9.997608707539609174e-01
4.408985599999999749e+01 6.001363299999999867e+01 9.993806056011379502e-01
6.408985599999999749e+01 6.001363299999999867e+01 9.988837435155231148e-01
8.408985599999999749e+01 6.001363299999999867e+01 9.982033004684875976e-01
1.040898559999999975e+02 6.001363299999999867e+01 9.985014657195163679e-01
1.240898559999999975e+02 6.001363299999999867e+01 9.985195488184636092e-01
1.440898559999999975e+02 6.001363299999999867e+01 9.990127103583387180e-01
1.640898559999999975e+02 6.001363299999999867e+01 9.992017802049545372e-01
1.840898559999999975e+02 6.001363299999999867e+01 9.986432739871620168e-01
2.040898559999999975e+02 6.001363299999999867e+01 9.967567917780341125e-01
2.240898559999999975e+02 6.001363299999999867e+01 9.959229637187949624e-01
2.440898559999999975e+02 6.001363299999999867e+01 9.962847295336610953e-01
2.640898559999999975e+02 6.001363299999999867e+01 9.957840548618328569e-01
2.840898559999999975e+02 6.001363299999999867e+01 9.954321136466102171e-01
3.040898559999999975e+02 6.001363299999999867e+01 9.935941118733486732e-01
3.240898559999999975e+02 6.001363299999999867e+01 9.937385051018454707e-01
3.440898559999999975e+02 6.001363299999999867e+01 9.921200098709241910e-01
3.640898559999999975e+02 6.001363299999999867e+01 9.933194219869414532e-01
3.840898559999999975e+02 6.001363299999999867e+01 9.920135518813055775e-01
4.040898559999999975e+02 6.001363299999999867e+01 9.904241554345116771e-01
4.240898559999999975e+02 6.001363299999999867e+01 9.926987615856417424e-01
4.440898559999999975e+02 6.001363299999999867e+01 9.926123466189956668e-01
4.640898559999999975e+02 6.001363299999999867e+01 9.921345718527118107e-01
4.840898559999999975e+02 6.001363299999999867e+01 9.938415404414032706e-01
5.040898559999999975e+02 6.001363299999999867e+01 9.930325663571518691e-01
5.240898560000000543e+02 6.001363299999999867e+01 1.003156646399425256e+00
5.440898560000000543e+02 6.001363299999999867e+01 1.011567871295132370e+00
5.640898560000000543e+02 6.001363299999999867e+01 1.011309059717979242e+00
5.840898560000000543e+02 6.001363299999999867e+01 1.012095047160362471e+00
6.040898560000000543e+02 6.001363299999999867e+01 1.014050086216255364e+00
6.240898560000000543e+02 6.001363299999999867e+01 1.014183036969922069e+00
6.440898560000000543e+02 6.001363299999999867e+01 1.014823814521420786e+00
6.640898560000000543e+02 6.001363299999999867e+01 1.019804702071886338e+00
6.840898560000000543e+02 6.001363299999999867e+01 1.026350009797255325e+00
7.040898560000000543e+02 6.001363299999999867e+01 1.024049169274826809e+00
7.240898560000000543e+02 6.001363299999999867e+01 1.026258121903950604e+00
7.440898560000000543e+02 6.001363299999999867e+01 1.008982812622144065e+00
7.640898560000000543e+02 6.001363299999999867e+01 1.021459658937614590e+00
7.840898560000000543e+02 6.001363299999999867e+01 9.915904853261747753e-01
8.040898560000000543e+02 6.001363299999999867e+01 1.019311338669364186e+00
2.408985600000000105e+01 6.601363299999999867e+01 9.997140530880170850e-01
4.408985599999999749e+01 6.601363299999999867e+01 9.993199809032276004e-01
6.408985599999999749e+01 6.601363299999999867e+01 9.988185022737283703e-01
8.408985599999999749e+01 6.601363299999999867e+01 9.981418039753475746e-01
1.040898559999999975e+02 6.601363299999999867e+01 9.984788855907449356e-01
1.240898559999999975e+02 6.601363299999999867e+01 9.986145966987345357e-01
1.440898559999999975e+02 6.601363299999999867e+01 9.991966752694916298e-01
1.640898559999999975e+02 6.601363299999999867e+01 9.995461740363206227e-01
1.840898559999999975e+02 6.601363299999999867e+01 9.990784978275327743e-01
2.040898559999999975e+02 6.601363299999999867e+01 9.973912149442075714e-01
2.240898559999999975e+02 6.601363299999999867e+01 9.966091466216702166e-01
2.440898559999999975e+02 6.601363299999999867e+01 9.971781697382756660e-01
2.640898559999999975e+02 6.601363299999999867e+01 9.965494825006007140e-01
2.840898559999999975e+02 6.601363299999999867e+01 9.963677090156788374e-01
3.040898559999999975e+02 6.601363299999999867e+01 9.944814965116601790e-01
3.240898559999999975e+02 6.601363299999999867e+01 9.948488970557751720e-01
3.440898559999999975e+02 6.601363299999999867e+01 9.931763975886469531e-01
3.640898559999999975e+02 6.601363299999999867e+01 9.946758875072556627e-01
3.840898559999999975e+02 6.601363299999999867e+01 9.930366409633045732e-01
4.040898559999999975e+02 6.601363299999999867e+01 9.918564207332277727e-01
4.240898559999999975e+02 6.601363299999999867e+01 9.944431111777168875e-01
4.440898559999999975e+02 6.601363299999999867e+01 9.939217084143738834e-01
4.640898559999999975e+02 6.601363299999999867e+01 9.940242546298105886e-01
4.840898559999999975e+02 6.601363299999999867e+01 9.959239797001769867e-01
5.040898559999999975e+02 6.601363299999999867e+01 9.955994689130479580e-01
5.240898560000000543e+02 6.601363299999999867e+01 1.006778796664125952e+00
5.440898560000000543e+02 6.601363299999999867e+01 1.014871951958022045e+00
5.640898560000000543e+02 6.601363299999999867e+01 1.012666196735297008e+00
5.840898560000000543e+02 6.601363299999999867e+01 1.013642977211322016e+00
6.040898560000000543e+02 6.601363299999999867e+01 1.014878230319143260e+00
6.240898560000000543e+02 6.601363299999999867e+01 1.015678470970152070e+00
6.440898560000000543e+02 6.601363299999999867e+01 1.015951937632557200e+00
6.640898560000000543e+02 6.601363299999999867e+01 1.020348378532204947e+00
6.840898560000000543e+02 6.601363299999999867e+01 1.026248708404381649e+00
7.040898560000000543e+02 6.601363299999999867e+01 1.024783414653473779e+00
7.240898560000000543e+02 6.601363299999999867e+01 1.024925378109030838e+00
7.440898560000000543e+02 6.601363299999999867e+01 1.008322885741953723e+00
7.640898560000000543e+02 6.601363299999999867e+01 1.017477836166157168e+00
7.840898560000000543e+02 6.601363299999999867e+01 9.906982234691985578e-01
8.040898560000000543e+02 6.601363299999999867e+01 1.016370908488190228e+00
2.408985600000000105e+01 7.201363299999999867e+01 9.996671975023383450e-01
4.408985599999999749e+01 7.201363299999999867e+01 9.992598616085157648e-01
6.408985599999999749e+01 7.201363299999999867e+01 9.987542731872189883e-01
8.408985599999999749e+01 7.201363299999999867e+01 9.980807701973535284e-01
1.040898559999999975e+02 7.201363299999999867e+01 9.984395558994095810e-01
1.240898559999999975e+02 7.201363299999999867e+01 9.986885693499131245e-01
1.440898559999999975e+02 7.201363299999999867e+01 9.993498050099741681e-01
1.640898559999999975e+02 7.201363299999999867e+01 9.998444187667615557e-01
1.840898559999999975e+02 7.201363299999999867e+01 9.995515072991423278e-01
2.040898559999999975e+02 7.201363299999999867e+01 9.980544521351716325e-01
2.240898559999999975e+02 7.201363299999999867e+01 9.973358287512283926e-01
2.440898559999999975e+02 7.201363299999999867e+01 9.979961419077635343e-01
2.640898559999999975e+02 7.201363299999999867e+01 9.973160526795280534e-01
2.840898559999999975e+02 7.201363299999999867e+01 9.972279865393786080e-01
3.040898559999999975e+02 7.201363299999999867e+01 9.953669949360649527e-01
3.240898559999999975e+02 7.201363299999999867e+01 9.958850244102325222e-01
3.440898559999999975e+02 7.201363299999999867e+01 9.942262194973511269e-01
3.640898559999999975e+02 7.201363299999999867e+01 9.959196933117047124e-01
3.840898559999999975e+02 7.201363299999999867e+01 9.938558142119386929e-01
4.040898559999999975e+02 7.201363299999999867e+01 9.932213365436687313e-01
4.240898559999999975e+02 7.201363299999999867e+01 9.960223393820966109e-01
4.440898559999999975e+02 7.201363299999999867e+01 9.950078572226692675e-01
4.640898559999999975e+02 7.201363299999999867e+01 9.957567564535341198e-01
4.840898559999999975e+02 7.201363299999999867e+01 9.977448507344355288e-01
5.040898559999999975e+02 7.201363299999999867e+01 9.982416973627146195e-01
5.240898560000000543e+02 7.201363299999999867e+01 1.010108078516018137e+00
5.440898560000000543e+02 7.201363299999999867e+01 1.017613505472839242e+00
5.640898560000000543e+02 7.201363299999999867e+01 1.012608813967896371e+00
5.840898560000000543e+02 7.201363299999999867e+01 1.014550885971786220e+00
6.040898560000000543e+02 7.201363299999999867e+01 1.015047930641965301e+00
6.240898560000000543e+02 7.201363299999999867e+01 1.016330749512040610e+00
6.440898560000000543e+02 7.201363299999999867e+01 1.016351382952416671e+00
6.640898560000000543e+02 7.201363299999999867e+01 1.019747216404554901e+00
6.840898560000000543e+02 7.201363299999999867e+01 1.024668361160947727e+00
7.040898560000000543e+02 7.201363299999999867e+01 1.024542121243261494e+00
7.240898560000000543e+02 7.201363299999999867e+01 1.022159104312281519e+00
7.440898560000000543e+02 7.201363299999999867e+01 1.007345684619698645e+00
7.640898560000000543e+02 7.201363299999999867e+01 1.011944278594772983e+00
7.840898560000000543e+02 7.201363299999999867e+01 9.897553373653613651e-01
8.040898560000000543e+02 7.201363299999999867e+01 1.011717374579046202e+00
2.408985600000000105e+01 7.801363299999999867e+01 9.996232576172654483e-01
4.408985599999999749e+01 7.801363299999999867e+01 9.992005980816627275e-01
6.408985599999999749e+01 7.801363299999999867e+01 9.986912403489986989e-01
8.408985599999999749e+01 7.801363299999999867e+01 9.980203619872528575e-01
1.040898559999999975e+02 7.801363299999999867e+01 9.983850830893628014e-01
1.240898559999999975e+02 7.801363299999999867e+01 9.987418312746552118e-01
1.440898559999999975e+02 7.801363299999999867e+01 9.994749032882461748e-01
1.640898559999999975e+02 7.801363299999999867e+01 1.000099318104738622e+00
1.840898559999999975e+02 7.801363299999999867e+01 9.999850497563307350e-01
2.040898559999999975e+02 7.801363299999999867e+01 9.986941014198940092e-01
2.240898559999999975e+02 7.801363299999999867e+01 9.980783916653722665e-01
2.440898559999999975e+02 7.801363299999999867e+01 9.987037072650134517e-01
2.640898559999999975e+02 7.801363299999999867e+01 9.980672007914881405e-01
2.840898559999999975e+02 7.801363299999999867e+01 9.979938142781558108e-01
3.040898559999999975e+02 7.801363299999999867e+01 9.962363038556517614e-01
3.240898559999999975e+02 7.801363299999999867e+01 9.968312747553444986e-01
3.440898559999999975e+02 7.801363299999999867e+01 9.952465537295756004e-01
3.640898559999999975e+02 7.801363299999999867e+01 9.970303569946783462e-01
3.840898559999999975e+02 7.801363299999999867e+01 9.946601412087632266e-01
4.040898559999999975e+02 7.801363299999999867e+01 9.944971701068191505e-01
4.240898559999999975e+02 7.801363299999999867e+01 9.974147953544134637e-01
4.440898559999999975e+02 7.801363299999999867e+01 9.960711535551864948e-01
4.640898559999999975e+02 7.801363299999999867e+01 9.973048922449924136e-01
4.840898559999999975e+02 7.801363299999999867e+01 9.992838932637477800e-01
5.040898559999999975e+02 7.801363299999999867e+01 1.000905061517600281e+00
5.240898560000000543e+02 7.801363299999999867e+01 1.013041221045227536e+00
5.440898560000000543e+02 7.801363299999999867e+01 1.019538375050545786e+00
5.640898560000000543e+02 7.801363299999999867e+01 1.013113374330101957e+00
5.840898560000000543e+02 7.801363299999999867e+01 1.014669922262291912e+00
6.040898560000000543e+02 7.801363299999999867e+01 1.014851463959421940e+00
6.240898560000000543e+02 7.801363299999999867e+01 1.016219966339201086e+00
6.440898560000000543e+02 7.801363299999999867e+01 1.016109408892033716e+00
6.640898560000000543e+02 7.801363299999999867e+01 1.018370756290180479e+00
6.840898560000000543e+02 7.801363299999999867e+01 1.022024120970600247e+00
7.040898560000000543e+02 7.801363299999999867e+01 1.022882102032006690e+00
7.240898560000000543e+02 7.801363299999999867e+01 1.018652743726852217e+00
7.440898560000000543e+02 7.801363299999999867e+01 1.006328601165201952e+00
7.640898560000000543e+02 7.801363299999999867e+01 1.005858908155030651e+00
7.840898560000000543e+02 7.801363299999999867e+01 9.890651146249117565e-01
8.040898560000000543e+02 7.801363299999999867e+01 1.006068510684961392e+00
2.408985600000000105e+01 8.401363299999999867e+01 9.995848524102894928e-01
4.408985599999999749e+01 8.401363299999999867e+01 9.991433739334276698e-01
6.408985599999999749e+01 8.401363299999999867e+01 9.986295878520714542e-01
8.408985599999999749e+01 8.401363299999999867e+01 9.979607421977941817e-01
1.040898559999999975e+02 8.401363299999999867e+01 9.983170736044548743e-01
1.240898559999999975e+02 8.401363299999999867e+01 9.987747469756147467e-01
1.440898559999999975e+02 8.401363299999999867e+01 9.995747738127656046e-01
1.640898559999999975e+02 8.401363299999999867e+01 1.000313675758709886e+00
1.840898559999999975e+02 8.401363299999999867e+01 1.000365560628553752e+00
2.040898559999999975e+02 8.401363299999999867e+01 9.992893227024786107e-01
2.240898559999999975e+02 8.401363299999999867e+01 9.988122169220061686e-01
2.440898559999999975e+02 8.401363299999999867e+01 9.992739791712634823e-01
2.640898559999999975e+02 8.401363299999999867e+01 9.987863622293554622e-01
2.840898559999999975e+02 8.401363299999999867e+01 9.986460602924567276e-01
3.040898559999999975e+02 8.401363299999999867e+01 9.970751199795103714e-01
3.240898559999999975e+02 8.401363299999999867e+01 9.976715955215762488e-01
3.440898559999999975e+02 8.401363299999999867e+01 9.962144376650877708e-01
3.640898559999999975e+02 8.401363299999999867e+01 9.979873961505665303e-01
3.840898559999999975e+02 8.401363299999999867e+01 9.954704533028916336e-01
4.040898559999999975e+02 8.401363299999999867e+01 9.956621886636652929e-01
4.240898559999999975e+02 8.401363299999999867e+01 9.985988282502999969e-01
4.440898559999999975e+02 8.401363299999999867e+01 9.970882037209810589e-01
4.640898559999999975e+02 8.401363299999999867e+01 9.986414769252965895e-01
4.840898559999999975e+02 8.401363299999999867e+01 1.000520832490552348e+00
5.040898559999999975e+02 8.401363299999999867e+01 1.003535371189153258e+00
5.240898560000000543e+02 8.401363299999999867e+01 1.015410153607560151e+00
5.440898560000000543e+02 8.401363299999999867e+01 1.020346723605173755e+00
5.640898560000000543e+02 8.401363299999999867e+01 1.013179296261188522e+00
5.840898560000000543e+02 8.401363299999999867e+01 1.014046233781176198e+00
6.040898560000000543e+02 8.401363299999999867e+01 1.014170590415510942e+00
6.240898560000000543e+02 8.401363299999999867e+01 1.015527515544534909e+00
6.440898560000000543e+02 8.401363299999999867e+01 1.015219444591774156e+00
6.640898560000000543e+02 8.401363299999999867e+01 1.016754099187116012e+00
6.840898560000000543e+02 8.401363299999999867e+01 1.019331918450728569e+00
7.040898560000000543e+02 8.401363299999999867e+01 1.019984191645255667e+00
7.240898560000000543e+02 8.401363299999999867e+01 1.015235068435300647e+00
7.440898560000000543e+02 8.401363299999999867e+01 1.005549370471446213e+00
7.640898560000000543e+02 8.401363299999999867e+01 1.000475126427185835e+00
7.840898560000000543e+02 8.401363299999999867e+01 9.889308428581009558e-01
8.040898560000000543e+02 8.401363299999999867e+01 1.000415159185935599e+00
2.408985600000000105e+01 9.001363299999999867e+01 9.995523819861340531e-01
4.408985599999999749e+01 9.001363299999999867e+01 9.990895178256933296e-01
6.408985599999999749e+01 9.001363299999999867e+01 9.985694997894416503e-01
8.408985599999999749e+01 9.001363299999999867e+01 9.979020736817252324e-01
1.040898559999999975e+02 9.001363299999999867e+01 9.982371338885378531e-01
1.240898559999999975e+02 9.001363299999999867e+01 9.987876809554461222e-01
1.440898559999999975e+02 9.001363299999999867e+01 9.996522014232808173e-01
1.640898559999999975e+02 9.001363299999999867e+01 1.000497604132541074e+00
1.840898559999999975e+02 9.001363299999999867e+01 1.000718253288522597e+00
2.040898559999999975e+02 9.001363299999999867e+01 9.998306016336191426e-01
2.240898559999999975e+02 9.001363299999999867e+01 9.995126860790322088e-01
2.440898559999999975e+02 9.001363299999999867e+01 9.998046513444815986e-01
2.640898559999999975e+02 9.001363299999999867e+01 9.994569723860046162e-01
2.840898559999999975e+02 9.001363299999999867e+01 9.991746696885515089e-01
3.040898559999999975e+02 9.001363299999999867e+01 9.978691400167311043e-01
3.240898559999999975e+02 9.001363299999999867e+01 9.983899868909491548e-01
3.440898559999999975e+02 9.001363299999999867e+01 9.971070156859902500e-01
3.640898559999999975e+02 9.001363299999999867e+01 9.987703283737593418e-01
3.840898559999999975e+02 9.001363299999999867e+01 9.962621880738401492e-01
4.040898559999999975e+02 9.001363299999999867e+01 9.966946594551927552e-01
4.240898559999999975e+02 9.001363299999999867e+01 9.995502719023570126e-01
4.440898559999999975e+02 9.001363299999999867e+01 9.980258404837595299e-01
4.640898559999999975e+02 9.001363299999999867e+01 9.997393254155568787e-01
4.840898559999999975e+02 9.001363299999999867e+01 1.001435393617285063e+00
5.040898559999999975e+02 9.001363299999999867e+01 1.006078436188821534e+00
5.240898560000000543e+02 9.001363299999999867e+01 1.017044461056999971e+00
5.440898560000000543e+02 9.001363299999999867e+01 1.019774721873385470e+00
5.640898560000000543e+02 9.001363299999999867e+01 1.012648715820775758e+00
5.840898560000000543e+02 9.001363299999999867e+01 1.012734869556724204e+00
6.040898560000000543e+02 9.001363299999999867e+01 1.013067826182211029e+00
6.240898560000000543e+02 9.001363299999999867e+01 1.014376178460683509e+00
6.440898560000000543e+02 9.001363299999999867e+01 1.013892301373864546e+00
6.640898560000000543e+02 9.001363299999999867e+01 1.015073961174421280e+00
6.840898560000000543e+02 9.001363299999999867e+01 1.017228721229205268e+00
7.040898560000000543e+02 9.001363299999999867e+01 1.017259577721492780e+00
7.240898560000000543e+02 9.001363299999999867e+01 1.012689455059403443e+00
7.440898560000000543e+02 9.001363299999999867e+01 1.005285413762752711e+00
7.640898560000000543e+02 9.001363299999999867e+01 9.970350000535180834e-01
7.840898560000000543e+02 9.001363299999999867e+01 9.896558096751760791e-01
8.040898560000000543e+02 9.001363299999999867e+01 9.957156112745000343e-01
2.408985600000000105e+01 9.601363299999999867e+01 9.995262203748122021e-01
4.408985599999999749e+01 9.601363299999999867e+01 9.990394307956421693e-01
6.408985599999999749e+01 9.601363299999999867e+01 9.985111602541121290e-01
8.408985599999999749e+01 9.601363299999999867e+01 9.978445192917948514e-01
1.040898559999999975e+02 9.601363299999999867e+01 9.981468703854627922e-01
1.240898559999999975e+02 9.601363299999999867e+01 9.987809977168036202e-01
1.440898559999999975e+02 9.601363299999999867e+01 9.997088330502538200e-01
1.640898559999999975e+02 9.601363299999999867e+01 1.000659991010105498e+00
1.840898559999999975e+02 9.601363299999999867e+01 1.001054991019883822e+00
2.040898559999999975e+02 9.601363299999999867e+01 1.000249766635441295e+00
2.240898559999999975e+02 9.601363299999999867e+01 1.000151856577091269e+00
2.440898559999999975e+02 9.601363299999999867e+01 1.000325682143148542e+00
2.640898559999999975e+02 9.601363299999999867e+01 1.000062466654308535e+00
2.840898559999999975e+02 9.601363299999999867e+01 9.996661994207032276e-01
3.040898559999999975e+02 9.601363299999999867e+01 9.986040606764018390e-01
3.240898559999999975e+02 9.601363299999999867e+01 9.989704490454855978e-01
3.440898559999999975e+02 9.601363299999999867e+01 9.979035629705659272e-01
3.640898559999999975e+02 9.601363299999999867e+01 9.993586712586469689e-01
3.840898559999999975e+02 9.601363299999999867e+01 9.970107831011231214e-01
4.040898559999999975e+02 9.601363299999999867e+01 9.975728497223871338e-01
4.240898559999999975e+02 9.601363299999999867e+01 1.000240944014633371e+00
4.440898559999999975e+02 9.601363299999999867e+01 9.988508966072292550e-01
4.640898559999999975e+02 9.601363299999999867e+01 1.000571252636884623e+00
4.840898559999999975e+02 9.601363299999999867e+01 1.002007301846383314e+00
5.040898559999999975e+02 9.601363299999999867e+01 1.008314684586824495e+00
5.240898560000000543e+02 9.601363299999999867e+01 1.017710681772452164e+00
5.440898560000000543e+02 9.601363299999999867e+01 1.017870142197314642e+00
5.640898560000000543e+02 9.601363299999999867e+01 1.011563059193019365e+00
5.840898560000000543e+02 9.601363299999999867e+01 1.010801694969025943e+00
6.040898560000000543e+02 9.601363299999999867e+01 1.011616928104374535e+00
6.240898560000000543e+02 9.601363299999999867e+01 1.012827893610233509e+00
6.440898560000000543e+02 9.601363299999999867e+01 1.012223632706258813e+00
6.640898560000000543e+02 9.601363299999999867e+01 1.013108166456154757e+00
6.840898560000000543e+02 9.601363299999999867e+01 1.015455781249441358e+00
7.040898560000000543e+02 9.601363299999999867e+01 1.015153801188809046e+00
7.240898560000000543e+02 9.601363299999999867e+01 1.011414878455380473e+00
7.440898560000000543e+02 9.601363299999999867e+01 1.005682025323721307e+00
7.640898560000000543e+02 9.601363299999999867e+01 9.967860921215460079e-01
7.840898560000000543e+02 9.601363299999999867e+01 9.915364135885078589e-01
8.040898560000000543e+02 9.601363299999999867e+01 9.929281581431880221e-01
2.408985600000000105e+01 1.020136329999999987e+02 9.994985012110281231e-01
4.408985599999999749e+01 1.020136329999999987e+02 9.989935129479984299e-01
6.408985599999999749e+01 1.020136329999999987e+02 9.984547533390868423e-01
8.408985599999999749e+01 1.020136329999999987e+02 9.977882418807505482e-01
1.040898559999999975e+02 1.020136329999999987e+02 9.980478895390809679e-01
1.240898559999999975e+02 1.020136329999999987e+02 9.987550617623416338e-01
1.440898559999999975e+02 1.020136329999999987e+02 9.997448713463888970e-01
1.640898559999999975e+02 1.020136329999999987e+02 1.000800960633670078e+00
1.840898559999999975e+02 1.020136329999999987e+02 1.001388069733840425e+00
2.040898559999999975e+02 1.020136329999999987e+02 1.000564021806927828e+00
2.240898559999999975e+02 1.020136329999999987e+02 1.000653803031076761e+00
2.440898559999999975e+02 1.020136329999999987e+02 1.000818416967319990e+00
2.640898559999999975e+02 1.020136329999999987e+02 1.000586280427141705e+00
2.840898559999999975e+02 1.020136329999999987e+02 1.000135757279452919e+00
3.040898559999999975e+02 1.020136329999999987e+02 9.992655786676138963e-01
3.240898559999999975e+02 1.020136329999999987e+02 9.993969821672072928e-01
3.440898559999999975e+02 1.020136329999999987e+02 9.985826470910459385e-01
3.640898559999999975e+02 1.020136329999999987e+02 9.997319428307460676e-01
3.840898559999999975e+02 1.020136329999999987e+02 9.976916759642568966e-01
4.040898559999999975e+02 1.020136329999999987e+02 9.982750267062339145e-01
4.240898559999999975e+02 1.020136329999999987e+02 1.000644528736692740e+00
4.440898559999999975e+02 1.020136329999999987e+02 9.995302048550972485e-01
4.640898559999999975e+02 1.020136329999999987e+02 1.001110073510389720e+00
4.840898559999999975e+02 1.020136329999999987e+02 1.002216282380282930e+00
5.040898559999999975e+02 1.020136329999999987e+02 1.009816489490590552e+00
5.240898560000000543e+02 1.020136329999999987e+02 1.017100264348274719e+00
5.440898560000000543e+02 1.020136329999999987e+02 1.014567271714175156e+00
5.640898560000000543e+02 1.020136329999999987e+02 1.009967093191003640e+00
5.840898560000000543e+02 1.020136329999999987e+02 1.008490313773291680e+00
6.040898560000000543e+02 1.020136329999999987e+02 1.009860846896529107e+00
6.240898560000000543e+02 1.020136329999999987e+02 1.010936935553256477e+00
6.440898560000000543e+02 1.020136329999999987e+02 1.010261471221791441e+00
6.640898560000000543e+02 1.020136329999999987e+02 1.010987712639940028e+00
6.840898560000000543e+02 1.020136329999999987e+02 1.013629394486073476e+00
7.040898560000000543e+02 1.020136329999999987e+02 1.013264305847924041e+00
7.240898560000000543e+02 1.020136329999999987e+02 1.010730706174061133e+00
7.440898560000000543e+02 1.020136329999999987e+02 1.008473215911839027e+00
7.640898560000000543e+02 1.020136329999999987e+02 1.001268151475474211e+00
7.840898560000000543e+02 1.020136329999999987e+02 9.985640094262512312e-01
8.040898560000000543e+02 1.020136329999999987e+02 9.992111848584539491e-01
2.408985600000000105e+01 1.080136329999999987e+02 9.994646103254796188e-01
4.408985599999999749e+01 1.080136329999999987e+02 9.989521643874859080e-01
6.408985599999999749e+01 1.080136329999999987e+02 9.984004631373704086e-01
8.408985599999999749e+01 1.080136329999999987e+02 9.977334043013411646e-01
1.040898559999999975e+02 1.080136329999999987e+02 9.979433766787837445e-01
1.240898559999999975e+02 1.080136329999999987e+02 9.987102375947137789e-01
1.440898559999999975e+02 1.080136329999999987e+02 9.997604380165460158e-01
1.640898559999999975e+02 1.080136329999999987e+02 1.000920634708094559e+00
1.840898559999999975e+02 1.080136329999999987e+02 1.001493723285690196e+00
2.040898559999999975e+02 1.080136329999999987e+02 1.000732109667806569e+00
2.240898559999999975e+02 1.080136329999999987e+02 1.000937529156947781e+00
2.440898559999999975e+02 1.080136329999999987e+02 1.001188514478563274e+00
2.640898559999999975e+02 1.080136329999999987e+02 1.001011465910898401e+00
2.840898559999999975e+02 1.080136329999999987e+02 1.000569244812609782e+00
3.040898559999999975e+02 1.080136329999999987e+02 9.998259898356280928e-01
3.240898559999999975e+02 1.080136329999999987e+02 9.996535864381361769e-01
3.440898559999999975e+02 1.080136329999999987e+02 9.991043667482999435e-01
3.640898559999999975e+02 1.080136329999999987e+02 9.998695132134910457e-01
3.840898559999999975e+02 1.080136329999999987e+02 9.982802729872285452e-01
4.040898559999999975e+02 1.080136329999999987e+02 9.987794576477193598e-01
4.240898559999999975e+02 1.080136329999999987e+02 1.000734737751984404e+00
4.440898559999999975e+02 1.080136329999999987e+02 1.000026748342199845e+00
4.640898559999999975e+02 1.080136329999999987e+02 1.001328602957181735e+00
4.840898559999999975e+02 1.080136329999999987e+02 1.002096530619702275e+00
5.040898559999999975e+02 1.080136329999999987e+02 1.010406987566440762e+00
5.240898560000000543e+02 1.080136329999999987e+02 1.015418558634423540e+00
5.440898560000000543e+02 1.080136329999999987e+02 1.009629924079464613e+00
5.640898560000000543e+02 1.080136329999999987e+02 1.007906638960504253e+00
5.840898560000000543e+02 1.080136329999999987e+02 1.006182447247552458e+00
6.040898560000000543e+02 1.080136329999999987e+02 1.007814693316611887e+00
6.240898560000000543e+02 1.080136329999999987e+02 1.008756282512168978e+00
6.440898560000000543e+02 1.080136329999999987e+02 1.008050823071940716e+00
6.640898560000000543e+02 1.080136329999999987e+02 1.008836145375690663e+00
6.840898560000000543e+02 1.080136329999999987e+02 1.011668549054592248e+00
7.040898560000000543e+02 1.080136329999999987e+02 1.011853922695894914e+00
7.240898560000000543e+02 1.080136329999999987e+02 1.010794639575275600e+00
7.440898560000000543e+02 1.080136329999999987e+02 1.012626418299197084e+00
7.640898560000000543e+02 1.080136329999999987e+02 1.009933839416784496e+00
7.840898560000000543e+02 1.080136329999999987e+02 1.005400933928820795e+00
8.040898560000000543e+02 1.080136329999999987e+02 1.001246802529204505e+00
2.408985600000000105e+01 1.140136329999999987e+02 9.994283089482047799e-01
4.408985599999999749e+01 1.140136329999999987e+02 9.989157852188266240e-01
6.408985599999999749e+01 1.140136329999999987e+02 9.983484737419654476e-01
8.408985599999999749e+01 1.140136329999999987e+02 9.976801694063153203e-01
1.040898559999999975e+02 1.140136329999999987e+02 9.978372505670543013e-01
1.240898559999999975e+02 1.140136329999999987e+02 9.986468897165748926e-01
1.440898559999999975e+02 1.140136329999999987e+02 9.997556547655844783e-01
1.640898559999999975e+02 1.140136329999999987e+02 1.001019134938238908e+00
1.840898559999999975e+02 1.140136329999999987e+02 1.001437807041384520e+00
2.040898559999999975e+02 1.140136329999999987e+02 1.000754017761509518e+00
2.240898559999999975e+02 1.140136329999999987e+02 1.001018976618007095e+00
2.440898559999999975e+02 1.140136329999999987e+02 1.001357792101786659e+00
2.640898559999999975e+02 1.140136329999999987e+02 1.001274909978500549e+00
2.840898559999999975e+02 1.140136329999999987e+02 1.000901668822486990e+00
3.040898559999999975e+02 1.140136329999999987e+02 1.000216607850800132e+00
3.240898559999999975e+02 1.140136329999999987e+02 9.997423214089434795e-01
3.440898559999999975e+02 1.140136329999999987e+02 9.994201775769318008e-01
3.640898559999999975e+02 1.140136329999999987e+02 9.997493419575710361e-01
3.840898559999999975e+02 1.140136329999999987e+02 9.986847989009817184e-01
4.040898559999999975e+02 1.140136329999999987e+02 9.990644097878295105e-01
4.240898559999999975e+02 1.140136329999999987e+02 1.000485282743957427e+00
4.440898559999999975e+02 1.140136329999999987e+02 1.000238496669677568e+00
4.640898559999999975e+02 1.140136329999999987e+02 1.001199655898372898e+00
4.840898559999999975e+02 1.140136329999999987e+02 1.001990733113542698e+00
5.040898559999999975e+02 1.140136329999999987e+02 1.009874778674420881e+00
5.240898560000000543e+02 1.140136329999999987e+02 1.012851058902254797e+00
5.440898560000000543e+02 1.140136329999999987e+02 1.007530192282497072e+00
5.640898560000000543e+02 1.140136329999999987e+02 1.005427517647296654e+00
5.840898560000000543e+02 1.140136329999999987e+02 1.003980518361333729e+00
6.040898560000000543e+02 1.140136329999999987e+02 1.005490512713148821e+00
6.240898560000000543e+02 1.140136329999999987e+02 1.006341774695708180e+00
6.440898560000000543e+02 1.140136329999999987e+02 1.005636699533976719e+00
6.640898560000000543e+02 1.140136329999999987e+02 1.006601609197674829e+00
6.840898560000000543e+02 1.140136329999999987e+02 1.009555213225143300e+00
7.040898560000000543e+02 1.140136329999999987e+02 1.010968093225950160e+00
7.240898560000000543e+02 1.140136329999999987e+02 1.011915571165721062e+00
7.440898560000000543e+02 1.140136329999999987e+02 1.016537195352896550e+00
7.640898560000000543e+02 1.140136329999999987e+02 1.013408849565375025e+00
7.840898560000000543e+02 1.140136329999999987e+02 1.006756458125797726e+00
8.040898560000000543e+02 1.140136329999999987e+02 9.972885639090650622e-01
2.408985600000000105e+01 1.200136329999999987e+02 9.993909509052734119e-01
4.408985599999999749e+01 1.200136329999999987e+02 9.988847755467459288e-01
6.408985599999999749e+01 1.200136329999999987e+02 9.982990211705733419e-01
8.408985599999999749e+01 1.200136329999999987e+02 9.976287000484204137e-01
1.040898559999999975e+02 1.200136329999999987e+02 9.977298448580121937e-01
1.240898559999999975e+02 1.200136329999999987e+02 9.985653826305794789e-01
1.440898559999999975e+02 1.200136329999999987e+02 9.997306432983648072e-01
1.640898559999999975e+02 1.200136329999999987e+02 1.001096583028963094e+00
1.840898559999999975e+02 1.200136329999999987e+02 1.001365487611746818e+00
2.040898559999999975e+02 1.200136329999999987e+02 1.000643363976974065e+00
2.240898559999999975e+02 1.200136329999999987e+02 1.000944454913253789e+00
2.440898559999999975e+02 1.200136329999999987e+02 1.001269127449901930e+00
2.640898559999999975e+02 1.200136329999999987e+02 1.001303601887465478e+00
2.840898559999999975e+02 1.200136329999999987e+02 1.001007430414572852e+00
3.040898559999999975e+02 1.200136329999999987e+02 1.000385702227303719e+00
3.240898559999999975e+02 1.200136329999999987e+02 9.997736707988760241e-01
3.440898559999999975e+02 1.200136329999999987e+02 9.994824826792737538e-01
3.640898559999999975e+02 1.200136329999999987e+02 9.993488838345689906e-01
3.840898559999999975e+02 1.200136329999999987e+02 9.987946039737097825e-01
4.040898559999999975e+02 1.200136329999999987e+02 9.991070800907057015e-01
4.240898559999999975e+02 1.200136329999999987e+02 9.998770051348987442e-01
4.440898559999999975e+02 1.200136329999999987e+02 1.000088933479873265e+00
4.640898559999999975e+02 1.200136329999999987e+02 1.000696047255071885e+00
4.840898559999999975e+02 1.200136329999999987e+02 1.001917633817244635e+00
5.040898559999999975e+02 1.200136329999999987e+02 1.007872975366272073e+00
5.240898560000000543e+02 1.200136329999999987e+02 1.009516145897872308e+00
5.440898560000000543e+02 1.200136329999999987e+02 1.004887363364044051e+00
5.640898560000000543e+02 1.200136329999999987e+02 1.002575550397156290e+00
5.840898560000000543e+02 1.200136329999999987e+02 1.001362312224794548e+00
6.040898560000000543e+02 1.200136329999999987e+02 1.002821537014358722e+00
6.240898560000000543e+02 1.200136329999999987e+02 1.003749414794285144e+00
6.440898560000000543e+02 1.200136329999999987e+02 1.003071767675128179e+00
6.640898560000000543e+02 1.200136329999999987e+02 1.004134733814953773e+00
6.840898560000000543e+02 1.200136329999999987e+02 1.007347404280541703e+00
7.040898560000000543e+02 1.200136329999999987e+02 1.010583452437952667e+00
7.240898560000000543e+02 1.200136329999999987e+02 1.012670512346859342e+00
7.440898560000000543e+02 1.200136329999999987e+02 1.019571608502144677e+00
7.640898560000000543e+02 1.200136329999999987e+02 1.015984561308465484e+00
7.840898560000000543e+02 1.200136329999999987e+02 1.006645644566522391e+00
8.040898560000000543e+02 1.200136329999999987e+02 9.922771040618085792e-01
2.408985600000000105e+01 1.260136329999999987e+02 9.993531547746136168e-01
4.408985599999999749e+01 1.260136329999999987e+02 9.988595353201895621e-01
6.408985599999999749e+01 1.260136329999999987e+02 9.982527172701386453e-01
8.408985599999999749e+01 1.260136329999999987e+02 9.975791590804061748e-01
1.040898559999999975e+02 1.260136329999999987e+02 9.976214077151321913e-01
1.240898559999999975e+02 1.260136329999999987e+02 9.984660808393819309e-01
1.440898559999999975e+02 1.260136329999999987e+02 9.996855253197463043e-01
1.640898559999999975e+02 1.260136329999999987e+02 1.001226675230486141e+00
1.840898559999999975e+02 1.260136329999999987e+02 1.001268241435097961e+00
2.040898559999999975e+02 1.260136329999999987e+02 1.000410626939314929e+00
2.240898559999999975e+02 1.260136329999999987e+02 1.000742933066643747e+00
2.440898559999999975e+02 1.260136329999999987e+02 1.000920125616323375e+00
2.640898559999999975e+02 1.260136329999999987e+02 1.001057128383248562e+00
2.840898559999999975e+02 1.260136329999999987e+02 1.000838053009015072e+00
3.040898559999999975e+02 1.260136329999999987e+02 1.000283177322761619e+00
3.240898559999999975e+02 1.260136329999999987e+02 9.996970435175865921e-01
3.440898559999999975e+02 1.260136329999999987e+02 9.992436851576569357e-01
3.640898559999999975e+02 1.260136329999999987e+02 9.987068341079879952e-01
3.840898559999999975e+02 1.260136329999999987e+02 9.985488493371219576e-01
4.040898559999999975e+02 1.260136329999999987e+02 9.988190679158173158e-01
4.240898559999999975e+02 1.260136329999999987e+02 9.990993841969533218e-01
4.440898559999999975e+02 1.260136329999999987e+02 9.995213980993379321e-01
4.640898559999999975e+02 1.260136329999999987e+02 9.997905919483911497e-01
4.840898559999999975e+02 1.260136329999999987e+02 1.001496979733650150e+00
5.040898559999999975e+02 1.260136329999999987e+02 1.004621745419284284e+00
5.240898560000000543e+02 1.260136329999999987e+02 1.005584489066154052e+00
5.440898560000000543e+02 1.260136329999999987e+02 1.001673644524517348e+00
5.640898560000000543e+02 1.260136329999999987e+02 9.994180214000221163e-01
5.840898560000000543e+02 1.260136329999999987e+02 9.984405187384487457e-01
6.040898560000000543e+02 1.260136329999999987e+02 9.998762531866280945e-01
6.240898560000000543e+02 1.260136329999999987e+02 1.001047382090409554e+00
6.440898560000000543e+02 1.260136329999999987e+02 1.000518213569838721e+00
6.640898560000000543e+02 1.260136329999999987e+02 1.001045660857205810e+00
6.840898560000000543e+02 1.260136329999999987e+02 1.003822601724267516e+00
7.040898560000000543e+02 1.260136329999999987e+02 1.009983649546889461e+00
7.240898560000000543e+02 1.260136329999999987e+02 1.012553566991389653e+00
7.440898560000000543e+02 1.260136329999999987e+02 1.018867350707839403e+00
7.640898560000000543e+02 1.260136329999999987e+02 1.015925946331457386e+00
7.840898560000000543e+02 1.260136329999999987e+02 1.003147986054742979e+00
8.040898560000000543e+02 1.260136329999999987e+02 9.873091571637212516e-01
4.408985599999999749e+01 1.320136329999999987e+02 9.988331024035482786e-01
6.408985599999999749e+01 1.320136329999999987e+02 9.982100172658681103e-01
8.408985599999999749e+01 1.320136329999999987e+02 9.975317093550184477e-01
1.040898559999999975e+02 1.320136329999999987e+02 9.975121873018877316e-01
1.240898559999999975e+02 1.320136329999999987e+02 9.983493488456357534e-01
1.440898559999999975e+02 1.320136329999999987e+02 9.996204225345891592e-01
1.640898559999999975e+02 1.320136329999999987e+02 1.001406863998558716e+00
1.840898559999999975e+02 1.320136329999999987e+02 1.001191990586774327e+00
2.040898559999999975e+02 1.320136329999999987e+02 1.000064814930089918e+00
2.240898559999999975e+02 1.320136329999999987e+02 1.000384774209597039e+00
2.440898559999999975e+02 1.320136329999999987e+02 1.000360630734789869e+00
2.640898559999999975e+02 1.320136329999999987e+02 1.000598918125946035e+00
2.840898559999999975e+02 1.320136329999999987e+02 1.000420599825646795e+00
3.040898559999999975e+02 1.320136329999999987e+02 9.998891168616007574e-01
3.240898559999999975e+02 1.320136329999999987e+02 9.992920913500906721e-01
3.440898559999999975e+02 1.320136329999999987e+02 9.986561881144125907e-01
3.640898559999999975e+02 1.320136329999999987e+02 9.979838374890837027e-01
3.840898559999999975e+02 1.320136329999999987e+02 9.978866961229251320e-01
4.040898559999999975e+02 1.320136329999999987e+02 9.981110918607746241e-01
4.240898559999999975e+02 1.320136329999999987e+02 9.982055103884909242e-01
4.440898559999999975e+02 1.320136329999999987e+02 9.984792298546164568e-01
4.640898559999999975e+02 1.320136329999999987e+02 9.984560140951030949e-01
4.840898559999999975e+02 1.320136329999999987e+02 9.998257935654164541e-01
5.040898559999999975e+02 1.320136329999999987e+02 1.000855786173695083e+00
5.240898560000000543e+02 1.320136329999999987e+02 1.001226796352280290e+00
5.440898560000000543e+02 1.320136329999999987e+02 9.980439203831058537e-01
5.640898560000000543e+02 1.320136329999999987e+02 9.960944096053320207e-01
5.840898560000000543e+02 1.320136329999999987e+02 9.954300559898126011e-01
6.040898560000000543e+02 1.320136329999999987e+02 9.968206192099245966e-01
6.240898560000000543e+02 1.320136329999999987e+02 9.981681498756581616e-01
6.440898560000000543e+02 1.320136329999999987e+02 9.976695448435887181e-01
6.640898560000000543e+02 1.320136329999999987e+02 9.971446541305902800e-01
6.840898560000000543e+02 1.320136329999999987e+02 9.993261924551429809e-01
7.040898560000000543e+02 1.320136329999999987e+02 1.007486854177860547e+00
7.240898560000000543e+02 1.320136329999999987e+02 1.010690246226502165e+00
7.440898560000000543e+02 1.320136329999999987e+02 1.015772229158436568e+00
7.640898560000000543e+02 1.320136329999999987e+02 1.012737996783207972e+00
7.840898560000000543e+02 1.320136329999999987e+02 9.958550048256781251e-01
8.040898560000000543e+02 1.320136329999999987e+02 9.789237965638551975e-01
4.408985599999999749e+01 1.380136329999999987e+02 9.988000543682233889e-01
6.408985599999999749e+01 1.380136329999999987e+02 9.981713212624856446e-01
8.408985599999999749e+01 1.380136329999999987e+02 9.974865137250077396e-01
1.040898559999999975e+02 1.380136329999999987e+02 9.974024317817531404e-01
1.240898559999999975e+02 1.380136329999999987e+02 9.982155511519958946e-01
1.440898559999999975e+02 1.380136329999999987e+02 9.995354566477530067e-01
1.640898559999999975e+02 1.380136329999999987e+02 1.001499200613227725e+00
1.840898559999999975e+02 1.380136329999999987e+02 1.001160334705263111e+00
2.040898559999999975e+02 1.380136329999999987e+02 9.996149362308578423e-01
2.240898559999999975e+02 1.380136329999999987e+02 9.998309616267001543e-01
2.440898559999999975e+02 1.380136329999999987e+02 9.996471317856591154e-01
2.640898559999999975e+02 1.380136329999999987e+02 1.000029434077397639e+00
2.840898559999999975e+02 1.380136329999999987e+02 9.998138483141293387e-01
3.040898559999999975e+02 1.380136329999999987e+02 9.992801261848697214e-01
3.240898559999999975e+02 1.380136329999999987e+02 9.985064532391026981e-01
3.440898559999999975e+02 1.380136329999999987e+02 9.976778328104514149e-01
3.640898559999999975e+02 1.380136329999999987e+02 9.968860890602641023e-01
3.840898559999999975e+02 1.380136329999999987e+02 9.967473054628271933e-01
4.040898559999999975e+02 1.380136329999999987e+02 9.969223130572859581e-01
4.240898559999999975e+02 1.380136329999999987e+02 9.968918942752688084e-01
4.440898559999999975e+02 1.380136329999999987e+02 9.969057680722591686e-01
4.640898559999999975e+02 1.380136329999999987e+02 9.966073643035382457e-01
4.840898559999999975e+02 1.380136329999999987e+02 9.966632700873407913e-01
5.040898559999999975e+02 1.380136329999999987e+02 9.968881444776155343e-01
5.240898560000000543e+02 1.380136329999999987e+02 9.966137757014313925e-01
5.440898560000000543e+02 1.380136329999999987e+02 9.941905296912010304e-01
5.640898560000000543e+02 1.380136329999999987e+02 9.927349704797983065e-01
5.840898560000000543e+02 1.380136329999999987e+02 9.921242374204376491e-01
6.040898560000000543e+02 1.380136329999999987e+02 9.932623346236373330e-01
6.240898560000000543e+02 1.380136329999999987e+02 9.948356469829591209e-01
6.440898560000000543e+02 1.380136329999999987e+02 9.942232641219088674e-01
6.640898560000000543e+02 1.380136329999999987e+02 9.924486642926352298e-01
6.840898560000000543e+02 1.380136329999999987e+02 9.938325106849245083e-01
7.040898560000000543e+02 1.380136329999999987e+02 1.000704092977095838e+00
7.240898560000000543e+02 1.380136329999999987e+02 1.006168618936668757e+00
7.440898560000000543e+02 1.380136329999999987e+02 1.010217959891840156e+00
7.640898560000000543e+02 1.380136329999999987e+02 1.006001391989169047e+00
7.840898560000000543e+02 1.380136329999999987e+02 9.851826872598143936e-01
8.040898560000000543e+02 1.380136329999999987e+02 9.674323983696809792e-01
4.408985599999999749e+01 1.440136329999999987e+02 9.987628970029991393e-01
6.408985599999999749e+01 1.440136329999999987e+02 9.981370293647148229e-01
8.408985599999999749e+01 1.440136329999999987e+02 9.974437350431205607e-01
1.040898559999999975e+02 1.440136329999999987e+02 9.972923707482147515e-01
1.240898559999999975e+02 1.440136329999999987e+02 9.980650522611159703e-01
1.440898559999999975e+02 1.440136329999999987e+02 9.994307493640975926e-01
1.640898559999999975e+02 1.440136329999999987e+02 1.001420055120917807e+00
1.840898559999999975e+02 1.440136329999999987e+02 1.000967986187192071e+00
2.040898559999999975e+02 1.440136329999999987e+02 9.990699991231762889e-01
2.240898559999999975e+02 1.440136329999999987e+02 9.991006411898595285e-01
2.440898559999999975e+02 1.440136329999999987e+02 9.988066630726404327e-01
2.640898559999999975e+02 1.440136329999999987e+02 9.993484979088339548e-01
2.840898559999999975e+02 1.440136329999999987e+02 9.990738482493695116e-01
3.040898559999999975e+02 1.440136329999999987e+02 9.985596957523484862e-01
3.240898559999999975e+02 1.440136329999999987e+02 9.974143536526007825e-01
3.440898559999999975e+02 1.440136329999999987e+02 9.963390024010777557e-01
3.640898559999999975e+02 1.440136329999999987e+02 9.953533831488491357e-01
3.840898559999999975e+02 1.440136329999999987e+02 9.950680951997554757e-01
4.040898559999999975e+02 1.440136329999999987e+02 9.951948881323152696e-01
4.240898559999999975e+02 1.440136329999999987e+02 9.950143052064934768e-01
4.440898559999999975e+02 1.440136329999999987e+02 9.947471339270822499e-01
4.640898559999999975e+02 1.440136329999999987e+02 9.941484569619105649e-01
4.840898559999999975e+02 1.440136329999999987e+02 9.933046999508905461e-01
5.040898559999999975e+02 1.440136329999999987e+02 9.929004445958509173e-01
5.240898560000000543e+02 1.440136329999999987e+02 9.919118199262922930e-01
5.440898560000000543e+02 1.440136329999999987e+02 9.901991033134959208e-01
5.640898560000000543e+02 1.440136329999999987e+02 9.899984219978127387e-01
5.840898560000000543e+02 1.440136329999999987e+02 9.888988069926141211e-01
6.040898560000000543e+02 1.440136329999999987e+02 9.891650864227824469e-01
6.240898560000000543e+02 1.440136329999999987e+02 9.907986256542515857e-01
6.440898560000000543e+02 1.440136329999999987e+02 9.900309817744673557e-01
6.640898560000000543e+02 1.440136329999999987e+02 9.871041440317227522e-01
6.840898560000000543e+02 1.440136329999999987e+02 9.873120902614427319e-01
7.040898560000000543e+02 1.440136329999999987e+02 9.913251612833871018e-01
7.240898560000000543e+02 1.440136329999999987e+02 9.980767540063629761e-01
7.440898560000000543e+02 1.440136329999999987e+02 1.001707500530766737e+00
7.640898560000000543e+02 1.440136329999999987e+02 9.953852676829105794e-01
7.840898560000000543e+02 1.440136329999999987e+02 9.714751514252278897e-01
8.040898560000000543e+02 1.440136329999999987e+02 9.546751967216337009e-01
4.408985599999999749e+01 1.500136329999999987e+02 9.987240302378528334e-01
6.408985599999999749e+01 1.500136329999999987e+02 9.981075416772796638e-01
8.408985599999999749e+01 1.500136329999999987e+02 9.974035361621070850e-01
1.040898559999999975e+02 1.500136329999999987e+02 9.971789905043522140e-01
1.240898559999999975e+02 1.500136329999999987e+02 9.978982166756509287e-01
1.440898559999999975e+02 1.500136329999999987e+02 9.993510948694990237e-01
1.640898559999999975e+02 1.500136329999999987e+02 1.001198647819847354e+00
1.840898559999999975e+02 1.500136329999999987e+02 1.000614400110189539e+00
2.040898559999999975e+02 1.500136329999999987e+02 9.984390118886038445e-01
2.240898559999999975e+02 1.500136329999999987e+02 9.982134590409312835e-01
2.440898559999999975e+02 1.500136329999999987e+02 9.978543258446186393e-01
2.640898559999999975e+02 1.500136329999999987e+02 9.985594767556426055e-01
2.840898559999999975e+02 1.500136329999999987e+02 9.982276897780915093e-01
3.040898559999999975e+02 1.500136329999999987e+02 9.977645064104846417e-01
3.240898559999999975e+02 1.500136329999999987e+02 9.960771505396935899e-01
3.440898559999999975e+02 1.500136329999999987e+02 9.947849867987463846e-01
3.640898559999999975e+02 1.500136329999999987e+02 9.935137808630319922e-01
3.840898559999999975e+02 1.500136329999999987e+02 9.929392007458642810e-01
4.040898559999999975e+02 1.500136329999999987e+02 9.930196108674796962e-01
4.240898559999999975e+02 1.500136329999999987e+02 9.926604404304621987e-01
4.440898559999999975e+02 1.500136329999999987e+02 9.920575614783390117e-01
4.640898559999999975e+02 1.500136329999999987e+02 9.911785603805984834e-01
4.840898559999999975e+02 1.500136329999999987e+02 9.897327176163425166e-01
5.040898559999999975e+02 1.500136329999999987e+02 9.888183978865998647e-01
5.240898560000000543e+02 1.500136329999999987e+02 9.872876483678256765e-01
5.440898560000000543e+02 1.500136329999999987e+02 9.863549919063009375e-01
5.640898560000000543e+02 1.500136329999999987e+02 9.865946265230400858e-01
5.840898560000000543e+02 1.500136329999999987e+02 9.849319411743366892e-01
6.040898560000000543e+02 1.500136329999999987e+02 9.843584464572407988e-01
6.240898560000000543e+02 1.500136329999999987e+02 9.856757617244565894e-01
6.440898560000000543e+02 1.500136329999999987e+02 9.847863319570205887e-01
6.640898560000000543e+02 1.500136329999999987e+02 9.810199697489010440e-01
6.840898560000000543e+02 1.500136329999999987e+02 9.794449309734238884e-01
7.040898560000000543e+02 1.500136329999999987e+02 9.804088395759221752e-01
7.240898560000000543e+02 1.500136329999999987e+02 9.855027203200571462e-01
7.440898560000000543e+02 1.500136329999999987e+02 9.889807855252483737e-01
7.640898560000000543e+02 1.500136329999999987e+02 9.805137338763464383e-01
7.840898560000000543e+02 1.500136329999999987e+02 9.549437351182908928e-01
8.040898560000000543e+02 1.500136329999999987e+02 9.408094084515387090e-01
4.408985599999999749e+01 1.560136329999999987e+02 9.986845145863039175e-01
6.408985599999999749e+01 1.560136329999999987e+02 9.980832583049037421e-01
8.408985599999999749e+01 1.560136329999999987e+02 9.973660799347137118e-01
1.040898559999999975e+02 1.560136329999999987e+02 9.970594026062650217e-01
1.240898559999999975e+02 1.560136329999999987e+02 9.977154088982548297e-01
1.440898559999999975e+02 1.560136329999999987e+02 9.994153669126965012e-01
1.640898559999999975e+02 1.560136329999999987e+02 1.000870536936204536e+00
1.840898559999999975e+02 1.560136329999999987e+02 1.000117152149906818e+00
2.040898559999999975e+02 1.560136329999999987e+02 9.977308494126411187e-01
2.240898559999999975e+02 1.560136329999999987e+02 9.971890623900576678e-01
2.440898559999999975e+02 1.560136329999999987e+02 9.968052213504766668e-01
2.640898559999999975e+02 1.560136329999999987e+02 9.976709984361844530e-01
2.840898559999999975e+02 1.560136329999999987e+02 9.972913246029190271e-01
3.040898559999999975e+02 1.560136329999999987e+02 9.967267472988754484e-01
3.240898559999999975e+02 1.560136329999999987e+02 9.945286370988111191e-01
3.440898559999999975e+02 1.560136329999999987e+02 9.930168222168060943e-01
3.640898559999999975e+02 1.560136329999999987e+02 9.913649122688596993e-01
3.840898559999999975e+02 1.560136329999999987e+02 9.905616411356277240e-01
4.040898559999999975e+02 1.560136329999999987e+02 9.905599685558431622e-01
4.240898559999999975e+02 1.560136329999999987e+02 9.900259971587649366e-01
4.440898559999999975e+02 1.560136329999999987e+02 9.890167082478351634e-01
4.640898559999999975e+02 1.560136329999999987e+02 9.877975249776470568e-01
4.840898559999999975e+02 1.560136329999999987e+02 9.858248174298046562e-01
5.040898559999999975e+02 1.560136329999999987e+02 9.842423849523123103e-01
5.240898560000000543e+02 1.560136329999999987e+02 9.823828095997003684e-01
5.440898560000000543e+02 1.560136329999999987e+02 9.811039259294223047e-01
5.640898560000000543e+02 1.560136329999999987e+02 9.800654082045475723e-01
5.840898560000000543e+02 1.560136329999999987e+02 9.798673243484166129e-01
6.040898560000000543e+02 1.560136329999999987e+02 9.787029602422869790e-01
6.240898560000000543e+02 1.560136329999999987e+02 9.794631562149007653e-01
6.440898560000000543e+02 1.560136329999999987e+02 9.785259328184557903e-01
6.640898560000000543e+02 1.560136329999999987e+02 9.737995148542409884e-01
6.840898560000000543e+02 1.560136329999999987e+02 9.701721989039309157e-01
7.040898560000000543e+02 1.560136329999999987e+02 9.668703354056102928e-01
7.240898560000000543e+02 1.560136329999999987e+02 9.675545892286767646e-01
7.440898560000000543e+02 1.560136329999999987e+02 9.707206171566481467e-01
7.640898560000000543e+02 1.560136329999999987e+02 9.604404278324727429e-01
7.840898560000000543e+02 1.560136329999999987e+02 9.354255508031599220e-01
8.040898560000000543e+02 1.560136329999999987e+02 9.252042867466812037e-01
4.408985599999999749e+01 1.620136329999999987e+02 9.986449682702847053e-01
6.408985599999999749e+01 1.620136329999999987e+02 9.980581227160847391e-01
8.408985599999999749e+01 1.620136329999999987e+02 9.973306213498898121e-01
1.040898559999999975e+02 1.620136329999999987e+02 9.969327925520806710e-01
1.240898559999999975e+02 1.620136329999999987e+02 9.975168810645271833e-01
1.440898559999999975e+02 1.620136329999999987e+02 9.994688595887770699e-01
1.640898559999999975e+02 1.620136329999999987e+02 1.000471280696175302e+00
1.840898559999999975e+02 1.620136329999999987e+02 9.994638229465829804e-01
2.040898559999999975e+02 1.620136329999999987e+02 9.969309252628206774e-01
2.240898559999999975e+02 1.620136329999999987e+02 9.960479664739358974e-01
2.440898559999999975e+02 1.620136329999999987e+02 9.956744508390991122e-01
2.640898559999999975e+02 1.620136329999999987e+02 9.966914054785465105e-01
2.840898559999999975e+02 1.620136329999999987e+02 9.962807044264785361e-01
3.040898559999999975e+02 1.620136329999999987e+02 9.954325270876315246e-01
3.240898559999999975e+02 1.620136329999999987e+02 9.928026065283817037e-01
3.440898559999999975e+02 1.620136329999999987e+02 9.907900176559454319e-01
3.640898559999999975e+02 1.620136329999999987e+02 9.889930279844711958e-01
3.840898559999999975e+02 1.620136329999999987e+02 9.880298563565380610e-01
4.040898559999999975e+02 1.620136329999999987e+02 9.878586671046224454e-01
4.240898559999999975e+02 1.620136329999999987e+02 9.871442754808191777e-01
4.440898559999999975e+02 1.620136329999999987e+02 9.857664600735036586e-01
4.640898559999999975e+02 1.620136329999999987e+02 9.840574564500008670e-01
4.840898559999999975e+02 1.620136329999999987e+02 9.817617872754956787e-01
5.040898559999999975e+02 1.620136329999999987e+02 9.794446803114773559e-01
5.240898560000000543e+02 1.620136329999999987e+02 9.772490089850449646e-01
5.440898560000000543e+02 1.620136329999999987e+02 9.752358621863761456e-01
5.640898560000000543e+02 1.620136329999999987e+02 9.729627413711425810e-01
5.840898560000000543e+02 1.620136329999999987e+02 9.735681929563371195e-01
6.040898560000000543e+02 1.620136329999999987e+02 9.720690803786015133e-01
6.240898560000000543e+02 1.620136329999999987e+02 9.715964000179669879e-01
6.440898560000000543e+02 1.620136329999999987e+02 9.694317180635990683e-01
6.640898560000000543e+02 1.620136329999999987e+02 9.633685146450357006e-01
6.840898560000000543e+02 1.620136329999999987e+02 9.584611731643657428e-01
7.040898560000000543e+02 1.620136329999999987e+02 9.517901809219817544e-01
7.240898560000000543e+02 1.620136329999999987e+02 9.452614120759590399e-01
7.440898560000000543e+02 1.620136329999999987e+02 9.477651620150941980e-01
7.640898560000000543e+02 1.620136329999999987e+02 9.330071450987269532e-01
7.840898560000000543e+02 1.620136329999999987e+02 9.145596258431956116e-01
8.040898560000000543e+02 1.620136329999999987e+02 9.093151379624142550e-01
4.408985599999999749e+01 1.680136329999999987e+02 9.986060095117276214e-01
6.408985599999999749e+01 1.680136329999999987e+02 9.980269047506566960e-01
8.408985599999999749e+01 1.680136329999999987e+02 9.972933922201843160e-01
1.040898559999999975e+02 1.680136329999999987e+02 9.967983458399259922e-01
1.240898559999999975e+02 1.680136329999999987e+02 9.973007447193362740e-01
1.440898559999999975e+02 1.680136329999999987e+02 9.993628535100838040e-01
1.640898559999999975e+02 1.680136329999999987e+02 1.000075610369834944e+00
1.840898559999999975e+02 1.680136329999999987e+02 9.986370077443826876e-01
2.040898559999999975e+02 1.680136329999999987e+02 9.960170394916909586e-01
2.240898559999999975e+02 1.680136329999999987e+02 9.948235125572234550e-01
2.440898559999999975e+02 1.680136329999999987e+02 9.944767506403628943e-01
2.640898559999999975e+02 1.680136329999999987e+02 9.956053239041332548e-01
2.840898559999999975e+02 1.680136329999999987e+02 9.952119173692759446e-01
3.040898559999999975e+02 1.680136329999999987e+02 9.939182466922913406e-01
3.240898559999999975e+02 1.680136329999999987e+02 9.909328503535496102e-01
3.440898559999999975e+02 1.680136329999999987e+02 9.882974864913594004e-01
3.640898559999999975e+02 1.680136329999999987e+02 9.864523920112538979e-01
3.840898559999999975e+02 1.680136329999999987e+02 9.853815995723421706e-01
4.040898559999999975e+02 1.680136329999999987e+02 9.849237326045904295e-01
4.240898559999999975e+02 1.680136329999999987e+02 9.839934193542015928e-01
4.440898559999999975e+02 1.680136329999999987e+02 9.823523357553990420e-01
4.640898559999999975e+02 1.680136329999999987e+02 9.800793506819898138e-01
4.840898559999999975e+02 1.680136329999999987e+02 9.773662011899414415e-01
5.040898559999999975e+02 1.680136329999999987e+02 9.745266156233403088e-01
5.240898560000000543e+02 1.680136329999999987e+02 9.719289643631476849e-01
5.440898560000000543e+02 1.680136329999999987e+02 9.690107974213497677e-01
5.640898560000000543e+02 1.680136329999999987e+02 9.666867678026194177e-01
5.840898560000000543e+02 1.680136329999999987e+02 9.658543194748767657e-01
6.040898560000000543e+02 1.680136329999999987e+02 9.643213874129563656e-01
6.240898560000000543e+02 1.680136329999999987e+02 9.614753569793708099e-01
6.440898560000000543e+02 1.680136329999999987e+02 9.570590944422698865e-01
6.640898560000000543e+02 1.680136329999999987e+02 9.487949401102265812e-01
6.840898560000000543e+02 1.680136329999999987e+02 9.425528295096801124e-01
7.040898560000000543e+02 1.680136329999999987e+02 9.309595232019004518e-01
7.240898560000000543e+02 1.680136329999999987e+02 9.194531762638745720e-01
7.440898560000000543e+02 1.680136329999999987e+02 9.218206482923371192e-01
7.640898560000000543e+02 1.680136329999999987e+02 9.082421393311557178e-01
7.840898560000000543e+02 1.680136329999999987e+02 8.995568660653262549e-01
4.408985599999999749e+01 1.740136329999999987e+02 9.985682565325653126e-01
6.408985599999999749e+01 1.740136329999999987e+02 9.979934245092259015e-01
8.408985599999999749e+01 1.740136329999999987e+02 9.972532537174259026e-01
1.040898559999999975e+02 1.740136329999999987e+02 9.966552479679284815e-01
1.240898559999999975e+02 1.740136329999999987e+02 9.970766005621419792e-01
1.440898559999999975e+02 1.740136329999999987e+02 9.991270792225448449e-01
1.640898559999999975e+02 1.740136329999999987e+02 9.997204059408700827e-01
1.840898559999999975e+02 1.740136329999999987e+02 9.976247878682249492e-01
2.040898559999999975e+02 1.740136329999999987e+02 9.949461775105983286e-01
2.240898559999999975e+02 1.740136329999999987e+02 9.935547677480274231e-01
2.440898559999999975e+02 1.740136329999999987e+02 9.932266680251927715e-01
2.640898559999999975e+02 1.740136329999999987e+02 9.943564019063182435e-01
2.840898559999999975e+02 1.740136329999999987e+02 9.940995820000692040e-01
3.040898559999999975e+02 1.740136329999999987e+02 9.921340299742864577e-01
3.240898559999999975e+02 1.740136329999999987e+02 9.889508950288820044e-01
3.440898559999999975e+02 1.740136329999999987e+02 9.857902170596631874e-01
3.640898559999999975e+02 1.740136329999999987e+02 9.837945475779703575e-01
3.840898559999999975e+02 1.740136329999999987e+02 9.825273527815860941e-01
4.040898559999999975e+02 1.740136329999999987e+02 9.817626419445687480e-01
4.240898559999999975e+02 1.740136329999999987e+02 9.806128407266037073e-01
4.440898559999999975e+02 1.740136329999999987e+02 9.787171702862373923e-01
4.640898559999999975e+02 1.740136329999999987e+02 9.759551805032806726e-01
4.840898559999999975e+02 1.740136329999999987e+02 9.728237834098748538e-01
5.040898559999999975e+02 1.740136329999999987e+02 9.695648329212159799e-01
5.240898560000000543e+02 1.740136329999999987e+02 9.664474330718407780e-01
5.440898560000000543e+02 1.740136329999999987e+02 9.627900678052395689e-01
5.640898560000000543e+02 1.740136329999999987e+02 9.599434396150361426e-01
5.840898560000000543e+02 1.740136329999999987e+02 9.567551689546047733e-01
6.040898560000000543e+02 1.740136329999999987e+02 9.543246646291729807e-01
6.240898560000000543e+02 1.740136329999999987e+02 9.491273429972340026e-01
6.440898560000000543e+02 1.740136329999999987e+02 9.429214014742952621e-01
6.640898560000000543e+02 1.740136329999999987e+02 9.334932534168391971e-01
6.840898560000000543e+02 1.740136329999999987e+02 9.241833909310397388e-01
7.040898560000000543e+02 1.740136329999999987e+02 9.105280835565892072e-01
7.240898560000000543e+02 1.740136329999999987e+02 8.968523952166295166e-01
7.440898560000000543e+02 1.740136329999999987e+02 8.928261630235935220e-01
7.640898560000000543e+02 1.740136329999999987e+02 8.868495041373888332e-01
7.840898560000000543e+02 1.740136329999999987e+02 8.864620762735520021e-01
