7 -2381.69 -2290.74 -7288.37 939.584 0.179828 1.1781
14 -2578.3 -2391.2 -7284.19 939.584 0.153007 2.74889
15 -2601.26 -2381.69 -7288.37 939.584 0.179828 2.74889
24 -2446 -2589.2 -7284.19 939.584 0.153007 4.71239
25 -2446 -2614.05 -7288.37 939.584 0.179828 4.71239
28 -2344.74 -2547.26 -7284.19 939.584 0.153007 5.49779
29 -2327.17 -2564.83 -7288.37 939.584 0.179828 5.49779
50 -2610.38 -2340.36 -7293.76 939.584 0.209485 2.5704
51 -2631.05 -2327.08 -7299.33 939.584 0.236307 2.5704
56 -2633.48 -2501.05 -7293.76 939.584 0.209485 3.4272
57 -2657.06 -2507.97 -7299.33 939.584 0.236307 3.4272
70 -2318.05 -2593.67 -7293.76 939.584 0.209485 5.42639
71 -2301.95 -2612.24 -7299.33 939.584 0.236307 5.42639
85 -2277.16 -2234.29 -7313.08 939.584 0.292349 0.897598
112 -2599.73 -2638.77 -7306.14 939.584 0.265528 4.0392
113 -2614.83 -2657.71 -7313.08 939.584 0.292349 4.0392
118 -2446 -2692.56 -7306.14 939.584 0.265528 4.71239
119 -2446 -2716.79 -7313.08 939.584 0.292349 4.71239
120 -2391.13 -2686.38 -7306.14 939.584 0.265528 4.93679
121 -2385.74 -2710 -7313.08 939.584 0.292349 4.93679
122 -2339.02 -2668.15 -7306.14 939.584 0.265528 5.16118
123 -2328.51 -2689.97 -7313.08 939.584 0.292349 5.16118
124 -2292.27 -2638.77 -7306.14 939.584 0.265528 5.38558
125 -2277.17 -2657.71 -7313.08 939.584 0.292349 5.38558
131 -2182 -2506.26 -7313.08 939.584 0.292349 6.05879
162 -2722.68 -2338.82 -7321.3 939.584 0.321291 2.772
163 -2744.87 -2330.22 -7329.57 939.584 0.348112 2.772
164 -2737.66 -2391.48 -7321.3 939.584 0.321291 2.9568
165 -2761.06 -2387.11 -7329.57 939.584 0.348112 2.9568
166 -2742.71 -2446 -7321.3 939.584 0.321291 3.14159
167 -2766.51 -2446 -7329.57 939.584 0.348112 3.14159
184 -2418.62 -2741.45 -7321.3 939.584 0.321291 4.80479
185 -2416.43 -2765.15 -7329.57 939.584 0.348112 4.80479
190 -2267.19 -2682.78 -7321.3 939.584 0.321291 5.35919
191 -2252.85 -2701.78 -7329.57 939.584 0.348112 5.35919
192 -2226.73 -2645.89 -7321.3 939.584 0.321291 5.54399
204 -2117.15 -2339.15 -7339.15 939.584 0.376862 0.314159
205 -2094.99 -2331.95 -7348.74 939.584 0.403684 0.314159
236 -2774.85 -2339.15 -7339.15 939.584 0.376862 2.82743
237 -2797.01 -2331.95 -7348.74 939.584 0.403684 2.82743
238 -2787.51 -2391.91 -7339.15 939.584 0.376862 2.98451
239 -2810.53 -2388.26 -7348.74 939.584 0.403684 2.98451
240 -2791.77 -2446 -7339.15 939.584 0.376862 3.14159
241 -2815.08 -2446 -7348.74 939.584 0.403684 3.14159
242 -2787.51 -2500.09 -7339.15 939.584 0.376862 3.29867
243 -2810.53 -2503.74 -7348.74 939.584 0.403684 3.29867
244 -2774.85 -2552.85 -7339.15 939.584 0.376862 3.45575
245 -2797.01 -2560.05 -7348.74 939.584 0.403684 3.45575
252 -2649.24 -2725.74 -7339.15 939.584 0.376862 4.08407
253 -2662.94 -2744.59 -7348.74 939.584 0.403684 4.08407
266 -2289.02 -2754.08 -7339.15 939.584 0.376862 5.18363
270 -2201.5 -2690.5 -7339.15 939.584 0.376862 5.49779
271 -2185.02 -2706.98 -7348.74 939.584 0.403684 5.49779
278 -2104.49 -2500.09 -7339.15 939.584 0.376862 6.12611
279 -2081.47 -2503.74 -7348.74 939.584 0.403684 6.12611
282 -2056.02 -2392.4 -7359.65 939.584 0.432294 0.136591
283 -2033.5 -2389.3 -7370.51 939.584 0.459115 0.136591
320 -2807.06 -2289.17 -7359.65 939.584 0.432294 2.73182
321 -2827.91 -2280.11 -7370.51 939.584 0.459115 2.73182
322 -2825.05 -2339.8 -7359.65 939.584 0.432294 2.86841
323 -2846.94 -2333.66 -7370.51 939.584 0.459115 2.86841
324 -2835.98 -2392.4 -7359.65 939.584 0.432294 3.005
325 -2858.5 -2389.3 -7370.51 939.584 0.459115 3.005
352 -2365.91 -2831.41 -7359.65 939.584 0.432294 4.91727
353 -2361.29 -2853.67 -7370.51 939.584 0.459115 4.91727
354 -2314.18 -2816.92 -7359.65 939.584 0.432294 5.05386
355 -2306.56 -2838.34 -7370.51 939.584 0.459115 5.05386
360 -2177.32 -2733.69 -7359.65 939.584 0.432294 5.46363
361 -2161.8 -2750.31 -7370.51 939.584 0.459115 5.46363
365 -2090.23 -2662.34 -7370.51 939.584 0.459115 5.73683
386 -2154.08 -2116.49 -7382.72 939.584 0.487621 0.845813
418 -2857.61 -2289.9 -7382.72 939.584 0.487621 2.77911
419 -2878.28 -2282.06 -7394.83 939.584 0.514442 2.77911
420 -2873.43 -2340.65 -7382.72 939.584 0.487621 2.89993
421 -2894.89 -2335.36 -7394.83 939.584 0.514442 2.89993
422 -2883.01 -2392.94 -7382.72 939.584 0.487621 3.02076
423 -2904.95 -2390.27 -7394.83 939.584 0.514442 3.02076
424 -2886.22 -2446 -7382.72 939.584 0.487621 3.14159
425 -2908.32 -2446 -7394.83 939.584 0.514442 3.14159
426 -2883.01 -2499.06 -7382.72 939.584 0.487621 3.26242
427 -2904.95 -2501.73 -7394.83 939.584 0.514442 3.26242
430 -2857.61 -2602.1 -7382.72 939.584 0.487621 3.50408
431 -2878.28 -2609.94 -7394.83 939.584 0.514442 3.50408
458 -2241.42 -2835.8 -7382.72 939.584 0.487621 5.19571
459 -2231.15 -2855.37 -7394.83 939.584 0.514442 5.19571
460 -2195.93 -2808.3 -7382.72 939.584 0.487621 5.31653
461 -2183.37 -2826.49 -7394.83 939.584 0.514442 5.31653
462 -2154.08 -2775.51 -7382.72 939.584 0.487621 5.43736
463 -2139.43 -2792.06 -7394.83 939.584 0.514442 5.43736
475 -1987.05 -2501.73 -7394.83 939.584 0.514442 6.16236
479 -1942.19 -2391.21 -7421.6 939.584 0.569682 0.108331
528 -2905.97 -2291.02 -7408.3 939.584 0.542861 2.81659
529 -2926.25 -2284.18 -7421.6 939.584 0.569682 2.81659
530 -2920.03 -2341.66 -7408.3 939.584 0.542861 2.92493
531 -2940.93 -2337.06 -7421.6 939.584 0.569682 2.92493
532 -2928.53 -2393.52 -7408.3 939.584 0.542861 3.03326
533 -2949.81 -2391.21 -7421.6 939.584 0.569682 3.03326
534 -2931.38 -2446 -7408.3 939.584 0.542861 3.14159
535 -2952.78 -2446 -7421.6 939.584 0.569682 3.14159
536 -2928.53 -2498.48 -7408.3 939.584 0.542861 3.24993
537 -2949.81 -2500.79 -7421.6 939.584 0.569682 3.24993
540 -2905.97 -2600.98 -7408.3 939.584 0.542861 3.46659
541 -2926.25 -2607.82 -7421.6 939.584 0.569682 3.46659
544 -2861.9 -2696.23 -7408.3 939.584 0.542861 3.68324
545 -2880.24 -2707.27 -7421.6 939.584 0.569682 3.68324
546 -2832.41 -2739.74 -7408.3 939.584 0.542861 3.79157
547 -2849.44 -2752.69 -7421.6 939.584 0.569682 3.79157
548 -2798.38 -2779.79 -7408.3 939.584 0.542861 3.8999
549 -2813.92 -2794.51 -7421.6 939.584 0.569682 3.8999
554 -2673.35 -2874.84 -7408.3 939.584 0.542861 4.2249
555 -2683.38 -2893.74 -7421.6 939.584 0.569682 4.2249
576 -2131.77 -2815.94 -7408.3 939.584 0.542861 5.41654
577 -2117.92 -2832.25 -7421.6 939.584 0.569682 5.41654
646 -2922.61 -2216.48 -7436.28 939.584 0.598031 2.6928
647 -2941.21 -2207.52 -7450.75 939.584 0.624852 2.6928
648 -2943.1 -2265.07 -7436.28 939.584 0.598031 2.79253
649 -2962.49 -2258.01 -7450.75 939.584 0.624852 2.79253
650 -2958.64 -2315.46 -7436.28 939.584 0.598031 2.89225
651 -2978.64 -2310.37 -7450.75 939.584 0.624852 2.89225
652 -2969.09 -2367.16 -7436.28 939.584 0.598031 2.992
653 -2989.5 -2364.09 -7450.75 939.584 0.624852 2.992
654 -2974.34 -2419.63 -7436.28 939.584 0.598031 3.09173
655 -2994.95 -2418.6 -7450.75 939.584 0.624852 3.09173
656 -2974.34 -2472.37 -7436.28 939.584 0.598031 3.19146
657 -2994.95 -2473.4 -7450.75 939.584 0.624852 3.19146
658 -2969.09 -2524.84 -7436.28 939.584 0.598031 3.29118
659 -2989.5 -2527.91 -7450.75 939.584 0.624852 3.29118
660 -2958.64 -2576.54 -7436.28 939.584 0.598031 3.39093
661 -2978.64 -2581.63 -7450.75 939.584 0.624852 3.39093
662 -2943.1 -2626.93 -7436.28 939.584 0.598031 3.49066
663 -2962.49 -2633.99 -7450.75 939.584 0.624852 3.49066
674 -2754.8 -2875.52 -7436.28 939.584 0.598031 4.08906
675 -2766.84 -2892.27 -7450.75 939.584 0.624852 4.08906
689 -2404.92 -2994.1 -7450.75 939.584 0.624852 4.78719
713 -1920.78 -2608.01 -7450.75 939.584 0.624852 5.98398
716 -1919.63 -2498.67 -7436.28 939.584 0.598031 6.18346
717 -1899.1 -2500.72 -7450.75 939.584 0.624852 6.18346
719 -1855.23 -2446 -7482.18 939.584 0.679952 0
778 -2978.41 -2239.75 -7466.6 939.584 0.653131 2.772
779 -2996.88 -2232.59 -7482.18 939.584 0.679952 2.772
780 -2995.17 -2289.75 -7466.6 939.584 0.653131 2.8644
781 -3014.22 -2284.33 -7482.18 939.584 0.679952 2.8644
782 -3007.24 -2341.09 -7466.6 939.584 0.653131 2.9568
783 -3026.71 -2337.45 -7482.18 939.584 0.679952 2.9568
784 -3014.53 -2393.32 -7466.6 939.584 0.653131 3.04919
785 -3034.25 -2391.49 -7482.18 939.584 0.679952 3.04919
786 -3016.96 -2446 -7466.6 939.584 0.653131 3.14159
787 -3036.77 -2446 -7482.18 939.584 0.679952 3.14159
794 -2978.41 -2652.25 -7466.6 939.584 0.653131 3.51118
795 -2996.88 -2659.41 -7482.18 939.584 0.679952 3.51118
831 -2182.67 -2974.83 -7482.18 939.584 0.679952 5.1744
834 -2101.92 -2901.64 -7466.6 939.584 0.653131 5.35919
835 -2089.98 -2917.44 -7482.18 939.584 0.679952 5.35919
836 -2061.34 -2867.95 -7466.6 939.584 0.653131 5.45159
837 -2048 -2882.58 -7482.18 939.584 0.679952 5.45159
838 -2024.05 -2830.66 -7466.6 939.584 0.653131 5.54399
839 -2009.42 -2844 -7482.18 939.584 0.679952 5.54399
849 -1877.78 -2607.67 -7482.18 939.584 0.679952 6.00599
853 -1857.75 -2500.51 -7482.18 939.584 0.679952 6.19079
888 -2380.37 -1838.38 -7499.14 939.584 0.708178 1.46321
889 -2378.34 -1819.57 -7515.79 939.584 0.735 1.46321
890 -2432.85 -1834.99 -7499.14 939.584 0.708178 1.54928
891 -2432.44 -1816.07 -7515.79 939.584 0.735 1.54928
892 -2485.42 -1836.12 -7499.14 939.584 0.708178 1.63535
893 -2486.64 -1817.24 -7515.79 939.584 0.735 1.63535
920 -3029.63 -2264.67 -7499.14 939.584 0.708178 2.84035
921 -3047.7 -2259.05 -7515.79 939.584 0.735 2.84035
922 -3043.06 -2315.5 -7499.14 939.584 0.708178 2.92641
923 -3061.54 -2311.46 -7515.79 939.584 0.735 2.92641
924 -3052.07 -2367.32 -7499.14 939.584 0.708178 3.01249
925 -3070.83 -2364.88 -7515.79 939.584 0.735 3.01249
926 -3056.59 -2419.7 -7499.14 939.584 0.708178 3.09855
927 -3075.49 -2418.89 -7515.79 939.584 0.735 3.09855
928 -3056.59 -2472.3 -7499.14 939.584 0.708178 3.18463
929 -3075.49 -2473.11 -7515.79 939.584 0.735 3.18463
938 -2989.95 -2724.63 -7499.14 939.584 0.708178 3.61498
939 -3006.78 -2733.25 -7515.79 939.584 0.735 3.61498
940 -2963.98 -2770.36 -7499.14 939.584 0.708178 3.70106
941 -2980.01 -2780.4 -7515.79 939.584 0.735 3.70106
942 -2934.18 -2813.68 -7499.14 939.584 0.708178 3.78712
943 -2949.29 -2825.06 -7515.79 939.584 0.735 3.78712
948 -2824.1 -2926.15 -7499.14 939.584 0.708178 4.04534
949 -2835.81 -2941.02 -7515.79 939.584 0.735 4.04534
976 -2132.86 -2970.84 -7499.14 939.584 0.708178 5.25033
977 -2123.17 -2987.08 -7515.79 939.584 0.735 5.25033
978 -2088.91 -2941.98 -7499.14 939.584 0.708178 5.3364
979 -2077.85 -2957.33 -7515.79 939.584 0.735 5.3364
980 -2047.59 -2909.44 -7499.14 939.584 0.708178 5.42248
981 -2035.26 -2923.79 -7515.79 939.584 0.735 5.42248
986 -1942.46 -2792.35 -7499.14 939.584 0.708178 5.68068
994 -1855.11 -2602.07 -7499.14 939.584 0.708178 6.02496
1070 -3062.04 -2240.33 -7533.82 939.584 0.763191 2.81937
1071 -3079.09 -2234.64 -7551.49 939.584 0.790012 2.81937
1072 -3076.6 -2290.57 -7533.82 939.584 0.763191 2.89993
1073 -3094.05 -2286.27 -7551.49 939.584 0.790012 2.89993
1074 -3087.06 -2341.82 -7533.82 939.584 0.763191 2.98048
1075 -3104.8 -2338.93 -7551.49 939.584 0.790012 2.98048
1076 -3093.36 -2393.74 -7533.82 939.584 0.763191 3.06105
1077 -3111.28 -2392.3 -7551.49 939.584 0.790012 3.06105
1080 -3093.36 -2498.26 -7533.82 939.584 0.763191 3.22214
1081 -3111.28 -2499.7 -7551.49 939.584 0.790012 3.22214
1082 -3087.06 -2550.18 -7533.82 939.584 0.763191 3.3027
1083 -3104.8 -2553.07 -7551.49 939.584 0.790012 3.3027
1086 -3062.04 -2651.67 -7533.82 939.584 0.763191 3.46382
1087 -3079.09 -2657.36 -7551.49 939.584 0.790012 3.46382
1090 -3021.08 -2747.82 -7533.82 939.584 0.763191 3.62491
1091 -3036.99 -2756.17 -7551.49 939.584 0.790012 3.62491
1093 -3010.12 -2802.73 -7551.49 939.584 0.790012 3.70547
1094 -2965.21 -2836.16 -7533.82 939.584 0.763191 3.78602
1095 -2979.58 -2846.96 -7551.49 939.584 0.790012 3.78602
1096 -2932.14 -2876.67 -7533.82 939.584 0.763191 3.86657
1134 -2035.24 -2949.08 -7533.82 939.584 0.763191 5.3971
1135 -2023.88 -2963 -7551.49 939.584 0.790012 5.3971
1136 -1996.1 -2914.4 -7533.82 939.584 0.763191 5.47765
1137 -1983.65 -2927.36 -7551.49 939.584 0.790012 5.47765
1138 -1959.86 -2876.67 -7533.82 939.584 0.763191 5.55821
1139 -1946.41 -2888.59 -7551.49 939.584 0.790012 5.55821
1149 -1812.91 -2657.36 -7551.49 939.584 0.790012 5.96096
1228 -3082.07 -2189.64 -7570.53 939.584 0.818152 2.75848
1229 -3097.82 -2183.3 -7589.15 939.584 0.844973 2.75848
1230 -3099.83 -2239.08 -7570.53 939.584 0.818152 2.8351
1231 -3116.01 -2233.96 -7589.15 939.584 0.844973 2.8351
1232 -3113.75 -2289.74 -7570.53 939.584 0.818152 2.91172
1233 -3130.28 -2285.87 -7589.15 939.584 0.844973 2.91172
1234 -3123.75 -2341.32 -7570.53 939.584 0.818152 2.98835
1235 -3140.53 -2338.73 -7589.15 939.584 0.844973 2.98835
1236 -3129.78 -2393.51 -7570.53 939.584 0.818152 3.06497
1237 -3146.7 -2392.21 -7589.15 939.584 0.844973 3.06497
1238 -3131.79 -2446 -7570.53 939.584 0.818152 3.14159
1239 -3148.77 -2446 -7589.15 939.584 0.844973 3.14159
1242 -3123.75 -2550.68 -7570.53 939.584 0.818152 3.29483
1243 -3140.53 -2553.27 -7589.15 939.584 0.844973 3.29483
1248 -3082.07 -2702.36 -7570.53 939.584 0.818152 3.52471
1249 -3097.82 -2708.7 -7589.15 939.584 0.844973 3.52471
1254 -3006.93 -2840.55 -7570.53 939.584 0.818152 3.75459
1255 -3020.81 -2850.31 -7589.15 939.584 0.844973 3.75459
1256 -2975.08 -2882.33 -7570.53 939.584 0.818152 3.83121
1257 -2988.18 -2893.13 -7589.15 939.584 0.844973 3.83121
1262 -2861.74 -2991.4 -7570.53 939.584 0.818152 4.06108
1263 -2872.03 -3004.9 -7589.15 939.584 0.844973 4.06108
1264 -2818.77 -3021.62 -7570.53 939.584 0.818152 4.1377
1265 -2828 -3035.88 -7589.15 939.584 0.844973 4.1377
1278 -2472.27 -3131.28 -7570.53 939.584 0.818152 4.67408
1279 -2472.92 -3148.25 -7589.15 939.584 0.844973 4.67408
1288 -2214.19 -3091.42 -7570.53 939.584 0.818152 5.0572
1289 -2208.45 -3107.4 -7589.15 939.584 0.844973 5.0572
1292 -2118.38 -3048.47 -7570.53 939.584 0.818152 5.21045
1293 -2110.27 -3063.39 -7589.15 939.584 0.844973 5.21045
1295 -2064 -3035.88 -7589.15 939.584 0.844973 5.28707
1298 -1989.73 -2957.98 -7570.53 939.584 0.818152 5.44031
1299 -1978.44 -2970.65 -7589.15 939.584 0.844973 5.44031
1300 -1951.87 -2921.54 -7570.53 939.584 0.818152 5.51695
1301 -1939.64 -2933.32 -7589.15 939.584 0.844973 5.51695
1314 -1778.25 -2602.26 -7570.53 939.584 0.818152 6.05331
1321 -1710.06 -2446 -7628.67 939.584 0.899898 0
1352 -2155.52 -1787.18 -7609.14 939.584 0.873077 1.15553
1396 -3109.95 -2167.46 -7609.14 939.584 0.873077 2.74437
1397 -3124.64 -2161.3 -7628.67 939.584 0.899898 2.74437
1398 -3128.32 -2216.1 -7609.14 939.584 0.873077 2.81659
1399 -3143.42 -2211.01 -7628.67 939.584 0.899898 2.81659
1400 -3143.13 -2265.93 -7609.14 939.584 0.873077 2.88882
1401 -3158.56 -2261.95 -7628.67 939.584 0.899898 2.88882
1402 -3154.31 -2316.7 -7609.14 939.584 0.873077 2.96104
1403 -3169.98 -2313.84 -7628.67 939.584 0.899898 2.96104
1404 -3161.79 -2368.15 -7609.14 939.584 0.873077 3.03326
1405 -3177.63 -2366.43 -7628.67 939.584 0.899898 3.03326
1406 -3165.54 -2420.01 -7609.14 939.584 0.873077 3.10548
1407 -3181.46 -2419.43 -7628.67 939.584 0.899898 3.10548
1408 -3165.54 -2471.99 -7609.14 939.584 0.873077 3.1777
1409 -3181.46 -2472.57 -7628.67 939.584 0.899898 3.1777
1422 -3062.95 -2817.2 -7609.14 939.584 0.873077 3.68324
1423 -3076.6 -2825.41 -7628.67 939.584 0.899898 3.68324
1426 -3003.1 -2902.14 -7609.14 939.584 0.873077 3.82768
1427 -3015.42 -2912.23 -7628.67 939.584 0.899898 3.82768
1464 -2108.74 -3082.14 -7609.14 939.584 0.873077 5.19988
1465 -2101.28 -3096.21 -7628.67 939.584 0.899898 5.19988
1466 -2063.72 -3056.15 -7609.14 939.584 0.873077 5.2721
1467 -2055.26 -3069.64 -7628.67 939.584 0.899898 5.2721
1468 -2020.69 -3026.97 -7609.14 939.584 0.873077 5.34432
1469 -2011.28 -3039.82 -7628.67 939.584 0.899898 5.34432
1474 -1905.74 -2921.95 -7609.14 939.584 0.873077 5.56099
1475 -1893.78 -2932.49 -7628.67 939.584 0.899898 5.56099
1483 -1778.08 -2755.02 -7628.67 939.584 0.899898 5.84985
1536 -2355.35 -1699.44 -7649.55 939.584 0.927968 1.44997
1537 -2353.56 -1684.71 -7669.93 939.584 0.954789 1.44997
1576 -3162.04 -2216.08 -7649.55 939.584 0.927968 2.83089
1577 -3176.16 -2211.54 -7669.93 939.584 0.954789 2.83089
1596 -3144.47 -2724.77 -7649.55 939.584 0.927968 3.52134
1597 -3158.25 -2730.27 -7669.93 939.584 0.954789 3.52134
1631 -2459.24 -3212.77 -7669.93 939.584 0.954789 4.69513
1636 -2304.06 -3184.53 -7649.55 939.584 0.927968 4.90226
1637 -2301.26 -3199.1 -7669.93 939.584 0.954789 4.90226
1642 -2155.21 -3139.55 -7649.55 939.584 0.927968 5.1094
1643 -2149.48 -3153.23 -7669.93 939.584 0.954789 5.1094
1646 -2062.51 -3092.92 -7649.55 939.584 0.927968 5.24749
1647 -2054.95 -3105.68 -7669.93 939.584 0.954789 5.24749
1648 -2018.79 -3064.93 -7649.55 939.584 0.927968 5.31653
1649 -2010.37 -3077.13 -7669.93 939.584 0.954789 5.31653
1650 -1977.11 -3033.98 -7649.55 939.584 0.927968 5.38558
1651 -1967.86 -3045.58 -7669.93 939.584 0.954789 5.38558
1652 -1937.66 -3000.23 -7649.55 939.584 0.927968 5.45463
1653 -1927.64 -3011.16 -7669.93 939.584 0.954789 5.45463
1655 -1889.87 -2974.04 -7669.93 939.584 0.954789 5.52369
1656 -1866.2 -2924.97 -7649.55 939.584 0.927968 5.59273
1657 -1854.77 -2934.42 -7669.93 939.584 0.954789 5.59273
1662 -1780.09 -2795.49 -7649.55 939.584 0.927968 5.79987
1663 -1766.96 -2802.38 -7669.93 939.584 0.954789 5.79987
1665 -1743.99 -2754.69 -7669.93 939.584 0.954789 5.86891
1688 -1726.24 -2140.8 -7691.64 939.584 0.982823 0.401054
1689 -1713.63 -2135.45 -7712.79 939.584 1.00964 0.401054
1780 -3184.54 -2702.45 -7691.64 939.584 0.982823 3.47581
1781 -3197.48 -2706.94 -7712.79 939.584 1.00964 3.47581
1798 -2909.75 -3075.4 -7691.64 939.584 0.982823 4.07739
1799 -2917.87 -3086.43 -7712.79 939.584 1.00964 4.07739
1830 -2116.91 -3155.16 -7691.64 939.584 0.982823 5.14687
1831 -2111.14 -3167.58 -7712.79 939.584 1.00964 5.14687
1834 -2025.33 -3104.97 -7691.64 939.584 0.982823 5.28055
1835 -2017.96 -3116.52 -7712.79 939.584 1.00964 5.28055
1836 -1982.25 -3075.4 -7691.64 939.584 0.982823 5.34739
1837 -1974.13 -3086.43 -7712.79 939.584 1.00964 5.34739
1838 -1941.25 -3043.02 -7691.64 939.584 0.982823 5.41424
1839 -1932.41 -3053.48 -7712.79 939.584 1.00964 5.41424
1840 -1902.5 -3007.97 -7691.64 939.584 0.982823 5.48108
1841 -1892.98 -3017.81 -7712.79 939.584 1.00964 5.48108
1842 -1866.18 -2970.42 -7691.64 939.584 0.982823 5.54791
1843 -1856.02 -2979.61 -7712.79 939.584 1.00964 5.54791
1847 -1790.16 -2896.21 -7712.79 939.584 1.00964 5.68161
1848 -1773.34 -2844.41 -7691.64 939.584 0.982823 5.74845
1849 -1761.55 -2851.39 -7712.79 939.584 1.00964 5.74845
1891 -1893.57 -1837.71 -7757.14 939.584 1.06448 0.833484
1914 -2471.94 -1637.23 -7735.27 939.584 1.03766 1.60285
1915 -2472.34 -1624.72 -7757.14 939.584 1.06448 1.60285
1952 -3213.97 -2191.02 -7735.27 939.584 1.03766 2.82103
1953 -3225.84 -2187.08 -7757.14 939.584 1.06448 2.82103
1974 -3196.05 -2749.66 -7735.27 939.584 1.03766 3.52628
1984 -3062.15 -2970.54 -7735.27 939.584 1.03766 3.84685
1985 -3071.68 -2978.65 -7757.14 939.584 1.06448 3.84685
2006 -2575.15 -3244.81 -7735.27 939.584 1.03766 4.5521
2007 -2577.15 -3257.17 -7757.14 939.584 1.06448 4.5521
2022 -2166.54 -3205.4 -7735.27 939.584 1.03766 5.06502
2023 -2162.21 -3217.14 -7757.14 939.584 1.06448 5.06502
2026 -2071.72 -3163.42 -7735.27 939.584 1.03766 5.19324
2027 -2065.93 -3174.52 -7757.14 939.584 1.06448 5.19324
2030 -1983.05 -3109.67 -7735.27 939.584 1.03766 5.32147
2031 -1975.89 -3119.94 -7757.14 939.584 1.06448 5.32147
2032 -1941.48 -3078.65 -7735.27 939.584 1.03766 5.38558
2033 -1933.68 -3088.44 -7757.14 939.584 1.06448 5.38558
2034 -1901.98 -3045.02 -7735.27 939.584 1.03766 5.4497
2035 -1893.57 -3054.29 -7757.14 939.584 1.06448 5.4497
2036 -1864.72 -3008.94 -7735.27 939.584 1.03766 5.51381
2037 -1855.73 -3017.65 -7757.14 939.584 1.06448 5.51381
2040 -1797.51 -2929.99 -7735.27 939.584 1.03766 5.64204
2041 -1787.48 -2937.47 -7757.14 939.584 1.06448 5.64204
2045 -1730.04 -2849.23 -7757.14 939.584 1.06448 5.77027
2100 -2178.39 -1655.96 -7780.31 939.584 1.09246 1.24419
2101 -2174.76 -1645.26 -7802.84 939.584 1.11929 1.24419
2150 -3231.78 -2166.14 -7780.31 939.584 1.09246 2.79944
2151 -3242.42 -2162.34 -7802.84 939.584 1.11929 2.79944
2154 -3260.44 -2265.82 -7780.31 939.584 1.09246 2.92386
2155 -3271.47 -2263.38 -7802.84 939.584 1.11929 2.92386
2183 -3117.39 -2959.8 -7802.84 939.584 1.11929 3.7948
2184 -3075.62 -2993.13 -7780.31 939.584 1.09246 3.857
2185 -3084.15 -3000.54 -7802.84 939.584 1.11929 3.857
2186 -3040.39 -3031.21 -7780.31 939.584 1.09246 3.91921
2187 -3048.44 -3039.14 -7802.84 939.584 1.11929 3.91921
2188 -3002.85 -3067.04 -7780.31 939.584 1.09246 3.98143
2189 -3010.4 -3075.45 -7802.84 939.584 1.11929 3.98143
2228 -2036.45 -3172.66 -7780.31 939.584 1.09246 5.22562
2229 -2030.9 -3182.51 -7802.84 939.584 1.11929 5.22562
2232 -1949.43 -3116.22 -7780.31 939.584 1.09246 5.35005
2233 -1942.71 -3125.3 -7802.84 939.584 1.11929 5.35005
2238 -1833.7 -3012.44 -7780.31 939.584 1.09246 5.53667
2239 -1825.4 -3020.12 -7802.84 939.584 1.11929 5.53667
2242 -1768.14 -2932.09 -7780.31 939.584 1.09246 5.66108
2320 -2600.4 -1603.47 -7826.64 939.584 1.14725 1.75205
2321 -2602.22 -1593.59 -7849.75 939.584 1.17407 1.75205
2325 -2703.82 -1618.63 -7849.75 939.584 1.17407 1.87288
2360 -3288.53 -2291.6 -7826.64 939.584 1.14725 2.96034
2361 -3298.41 -2289.78 -7849.75 939.584 1.17407 2.96034
2394 -3014 -3087.15 -7826.64 939.584 1.14725 3.98741
2395 -3020.66 -3094.67 -7849.75 939.584 1.17407 3.98741
2423 -2341.54 -3306.29 -7849.75 939.584 1.17407 4.83322
2434 -2047.94 -3204.45 -7826.64 939.584 1.14725 5.19571
2435 -2043.27 -3213.35 -7849.75 939.584 1.17407 5.19571
2436 -2002.87 -3179.03 -7826.64 939.584 1.14725 5.25613
2437 -1997.67 -3187.63 -7849.75 939.584 1.17407 5.25613
2438 -1959.42 -3150.94 -7826.64 939.584 1.14725 5.31653
2442 -1878 -3087.15 -7826.64 939.584 1.14725 5.43736
2443 -1871.34 -3094.67 -7849.75 939.584 1.17407 5.43736
2444 -1840.32 -3051.68 -7826.64 939.584 1.14725 5.49779
2445 -1833.22 -3058.78 -7849.75 939.584 1.17407 5.49779
2446 -1804.85 -3014 -7826.64 939.584 1.14725 5.55821
2447 -1797.33 -3020.66 -7849.75 939.584 1.17407 5.55821
2448 -1771.73 -2974.26 -7826.64 939.584 1.14725 5.61862
2449 -1763.82 -2980.45 -7849.75 939.584 1.17407 5.61862
2460 -1628.23 -2700.83 -7826.64 939.584 1.14725 5.9811
2461 -1618.63 -2703.82 -7849.75 939.584 1.17407 5.9811
2511 -2113.33 -1625.72 -7897.71 939.584 1.22882 1.18551
2512 -2165.31 -1615.75 -7874.09 939.584 1.202 1.24478
2530 -2626.52 -1588.38 -7874.09 939.584 1.202 1.77826
2532 -2677.01 -1600.58 -7874.09 939.584 1.202 1.83753
2533 -2679.32 -1592.13 -7897.71 939.584 1.22882 1.83753
2590 -3248.04 -2799.31 -7874.09 939.584 1.202 3.55653
2591 -3256.06 -2802.84 -7897.71 939.584 1.22882 3.55653
2611 -2918.53 -3194.5 -7897.71 939.584 1.22882 4.14928
2612 -2869.12 -3213.5 -7874.09 939.584 1.202 4.20855
2613 -2873.36 -3221.18 -7897.71 939.584 1.22882 4.20855
2616 -2775.37 -3258.16 -7874.09 939.584 1.202 4.32711
2617 -2778.67 -3266.29 -7897.71 939.584 1.22882 4.32711
2620 -2677.01 -3291.42 -7874.09 939.584 1.202 4.44565
2621 -2679.32 -3299.87 -7897.71 939.584 1.22882 4.44565
2646 -2022.88 -3213.5 -7874.09 939.584 1.202 5.21623
2647 -2018.64 -3221.18 -7897.71 939.584 1.22882 5.21623
2650 -1935.08 -3158.07 -7874.09 939.584 1.202 5.33477
2651 -1929.96 -3165.2 -7897.71 939.584 1.22882 5.33477
2654 -1854.44 -3092.64 -7874.09 939.584 1.202 5.45333
2655 -1848.52 -3099.11 -7897.71 939.584 1.22882 5.45333
2659 -1775.47 -3023.87 -7897.71 939.584 1.22882 5.57188
2660 -1749.38 -2977.8 -7874.09 939.584 1.202 5.63117
2661 -1742.41 -2983.12 -7897.71 939.584 1.22882 5.63117
2662 -1719.1 -2935.6 -7874.09 939.584 1.202 5.69044
2663 -1711.83 -2940.5 -7897.71 939.584 1.22882 5.69044
2698 -1647.43 -2044.94 -7922.54 939.584 1.25674 0.465422
2699 -1640.76 -2041.59 -7946.61 939.584 1.28356 0.465422
2737 -2446 -1544.91 -7946.61 939.584 1.28356 1.5708
2767 -3136.27 -1866.79 -7946.61 939.584 1.28356 2.44346
2778 -3285.73 -2140.36 -7922.54 939.584 1.25674 2.79253
2779 -3292.75 -2137.81 -7946.61 939.584 1.28356 2.79253
2784 -3326.05 -2290.82 -7922.54 939.584 1.25674 2.96706
2785 -3333.4 -2289.53 -7946.61 939.584 1.28356 2.96706
2786 -3333.58 -2342.25 -7922.54 939.584 1.25674 3.02523
2787 -3341 -2341.38 -7946.61 939.584 1.28356 3.02523
2788 -3338.11 -2394.05 -7922.54 939.584 1.25674 3.08342
2789 -3345.57 -2393.61 -7946.61 939.584 1.28356 3.08342
2790 -3339.63 -2446 -7922.54 939.584 1.25674 3.14159
2791 -3347.09 -2446 -7946.61 939.584 1.28356 3.14159
2805 -3273.4 -2802.9 -7946.61 939.584 1.28356 3.54883
2807 -3251.24 -2850.41 -7946.61 939.584 1.28356 3.60702
2808 -3219.9 -2892.81 -7922.54 939.584 1.25674 3.66519
2809 -3226.37 -2896.54 -7946.61 939.584 1.28356 3.66519
2826 -2892.81 -3219.9 -7922.54 939.584 1.25674 4.18879
2827 -2896.54 -3226.37 -7946.61 939.584 1.28356 4.18879
2830 -2799.94 -3266.54 -7922.54 939.584 1.25674 4.30515
2831 -2802.9 -3273.4 -7946.61 939.584 1.28356 4.30515
2834 -2702.3 -3302.08 -7922.54 939.584 1.25674 4.42149
2835 -2704.44 -3309.23 -7946.61 939.584 1.28356 4.42149
2836 -2652.08 -3315.54 -7922.54 939.584 1.25674 4.47968
2862 -1999.19 -3219.9 -7922.54 939.584 1.25674 5.23599
2863 -1995.46 -3226.37 -7946.61 939.584 1.28356 5.23599
2864 -1954.95 -3192.62 -7922.54 939.584 1.25674 5.29416
2865 -1950.85 -3198.85 -7946.61 939.584 1.28356 5.29416
2866 -1912.36 -3162.8 -7922.54 939.584 1.25674 5.35235
2867 -1907.9 -3168.78 -7946.61 939.584 1.28356 5.35235
2868 -1871.59 -3130.56 -7922.54 939.584 1.25674 5.41052
2869 -1866.79 -3136.27 -7946.61 939.584 1.28356 5.41052
2904 -1551.14 -2291.14 -7971.85 939.584 1.31145 0.17136
2905 -1545.09 -2290.09 -7996.29 939.584 1.33827 0.17136
2952 -2420.07 -1538.21 -7971.85 939.584 1.31145 1.54224
3000 -3330.56 -2240.3 -7971.85 939.584 1.31145 2.91311
3001 -3336.54 -2238.91 -7996.29 939.584 1.33827 2.91311
3002 -3340.86 -2291.14 -7971.85 939.584 1.31145 2.97024
3003 -3346.91 -2290.09 -7996.29 939.584 1.33827 2.97024
3004 -3348.24 -2342.48 -7971.85 939.584 1.31145 3.02736
3005 -3354.34 -2341.79 -7996.29 939.584 1.33827 3.02736
3006 -3352.68 -2394.15 -7971.85 939.584 1.31145 3.08447
3007 -3358.81 -2393.8 -7996.29 939.584 1.33827 3.08447
3008 -3354.16 -2446 -7971.85 939.584 1.31145 3.14159
3009 -3360.3 -2446 -7996.29 939.584 1.33827 3.14159
3010 -3352.68 -2497.85 -7971.85 939.584 1.31145 3.19872
3011 -3358.81 -2498.2 -7996.29 939.584 1.33827 3.19872
3012 -3348.24 -2549.52 -7971.85 939.584 1.31145 3.25582
3013 -3354.34 -2550.21 -7996.29 939.584 1.33827 3.25582
3014 -3340.86 -2600.86 -7971.85 939.584 1.31145 3.31295
3015 -3346.91 -2601.91 -7996.29 939.584 1.33827 3.31295
3016 -3330.56 -2651.7 -7971.85 939.584 1.31145 3.37007
3017 -3336.54 -2653.09 -7996.29 939.584 1.33827 3.37007
3044 -2914.97 -3223.7 -7971.85 939.584 1.31145 4.16975
3045 -2918.14 -3228.96 -7996.29 939.584 1.33827 4.16975
3054 -2676.87 -3324.33 -7971.85 939.584 1.31145 4.45535
3055 -2678.43 -3330.26 -7996.29 939.584 1.33827 4.45535
3058 -2575.25 -3344.92 -7971.85 939.584 1.31145 4.56959
3059 -2576.12 -3350.99 -7996.29 939.584 1.33827 4.56959
3062 -2471.93 -3353.79 -7971.85 939.584 1.31145 4.68384
3063 -2472.1 -3359.93 -7996.29 939.584 1.33827 4.68384
3068 -2316.75 -3344.92 -7971.85 939.584 1.31145 4.85519
3069 -2315.88 -3350.99 -7996.29 939.584 1.33827 4.85519
3078 -2068.74 -3272.1 -7971.85 939.584 1.31145 5.14078
3079 -2066.19 -3277.68 -7996.29 939.584 1.33827 5.14078
3084 -1933.39 -3195.66 -7971.85 939.584 1.31145 5.31215
3085 -1929.93 -3200.72 -7996.29 939.584 1.33827 5.31215
3134 -1617.13 -2046.84 -8021.86 939.584 1.36615 0.448799
3135 -1612.81 -2044.76 -8046.6 939.584 1.39297 0.448799
3142 -1726.73 -1872.4 -8021.86 939.584 1.36615 0.673198
3186 -2749.85 -1577.65 -8021.86 939.584 1.36615 1.9074
3187 -2751.44 -1573.13 -8046.6 939.584 1.39297 1.9074
3212 -3251.18 -2000.98 -8021.86 939.584 1.36615 2.63669
3213 -3255.38 -1998.67 -8046.6 939.584 1.39297 2.63669
3238 -3342.91 -2650.71 -8021.86 939.584 1.36615 3.36599
3239 -3347.58 -2651.78 -8046.6 939.584 1.39297 3.36599
3244 -3295.95 -2798.06 -8021.86 939.584 1.36615 3.53429
3245 -3300.37 -2799.89 -8046.6 939.584 1.39297 3.53429
3252 -3196.3 -2978.36 -8021.86 939.584 1.36615 3.75869
3253 -3200.21 -2981.13 -8046.6 939.584 1.39297 3.75869
3260 -3059.03 -3131.97 -8021.86 939.584 1.36615 3.98309
3261 -3062.22 -3135.54 -8046.6 939.584 1.39297 3.98309
3262 -3019.59 -3165.27 -8021.86 939.584 1.36615 4.0392
3263 -3022.58 -3169.02 -8046.6 939.584 1.39297 4.0392
3264 -2978.36 -3196.3 -8021.86 939.584 1.36615 4.09529
3265 -2981.13 -3200.21 -8046.6 939.584 1.39297 4.09529
3282 -2549.01 -3360.19 -8021.86 939.584 1.36615 4.60018
3283 -2549.55 -3364.95 -8046.6 939.584 1.39297 4.60018
3304 -2000.98 -3251.18 -8021.86 939.584 1.36615 5.2173
3305 -1998.67 -3255.38 -8046.6 939.584 1.39297 5.2173
3306 -1956.54 -3224.97 -8021.86 939.584 1.36615 5.27339
3307 -1953.99 -3229.02 -8046.6 939.584 1.39297 5.27339
3308 -1913.64 -3196.3 -8021.86 939.584 1.36615 5.32949
3309 -1910.87 -3200.21 -8046.6 939.584 1.39297 5.32949
3310 -1872.41 -3165.27 -8021.86 939.584 1.36615 5.38558
3311 -1869.42 -3169.02 -8046.6 939.584 1.39297 5.38558
3340 -1527.47 -2497.58 -8021.86 939.584 1.36615 6.22709
3358 -1607.37 -2046.23 -8072.41 939.584 1.42081 0.444827
3359 -1604.28 -2044.76 -8097.37 939.584 1.44763 0.444827
3365 -1682.58 -1910.57 -8097.37 939.584 1.44763 0.611637
3391 -2227.69 -1539.45 -8097.37 939.584 1.44763 1.33448
3394 -2330.07 -1524.22 -8072.41 939.584 1.42081 1.44569
3395 -2329.65 -1520.82 -8097.37 939.584 1.44763 1.44569
3422 -3010.71 -1708.29 -8072.41 939.584 1.42081 2.22414
3450 -3366.07 -2317.27 -8072.41 939.584 1.42081 3.00258
3451 -3369.47 -2316.79 -8097.37 939.584 1.44763 3.00258
3484 -3089.08 -3116.49 -8072.41 939.584 1.42081 3.94785
3485 -3091.46 -3118.96 -8097.37 939.584 1.44763 3.94785
3486 -3050.83 -3151.19 -8072.41 939.584 1.42081 4.00345
3487 -3053.06 -3153.79 -8097.37 939.584 1.44763 4.00345
3488 -3010.71 -3183.71 -8072.41 939.584 1.42081 4.05904
3489 -3012.8 -3186.43 -8097.37 939.584 1.44763 4.05904
3490 -2968.84 -3213.95 -8072.41 939.584 1.42081 4.11465
3491 -2970.77 -3216.79 -8097.37 939.584 1.44763 4.11465
3507 -2588.03 -3367.59 -8097.37 939.584 1.44763 4.55948
3520 -2228.49 -3349.22 -8072.41 939.584 1.42081 4.94871
3521 -2227.69 -3352.55 -8097.37 939.584 1.44763 4.94871
3524 -2129.59 -3319.5 -8072.41 939.584 1.42081 5.05992
3525 -2128.42 -3322.72 -8097.37 939.584 1.44763 5.05992
3526 -2081.55 -3300.57 -8072.41 939.584 1.42081 5.11551
3527 -2080.2 -3303.72 -8097.37 939.584 1.44763 5.11551
3528 -2034.62 -3278.99 -8072.41 939.584 1.42081 5.17111
3529 -2033.1 -3282.07 -8097.37 939.584 1.44763 5.17111
3530 -1988.96 -3254.84 -8072.41 939.584 1.42081 5.22672
3531 -1987.27 -3257.83 -8097.37 939.584 1.44763 5.22672
3532 -1944.71 -3228.19 -8072.41 939.584 1.42081 5.28233
3533 -1942.86 -3231.08 -8097.37 939.584 1.44763 5.28233
3534 -1902.01 -3199.12 -8072.41 939.584 1.42081 5.33793
3535 -1900.01 -3201.9 -8097.37 939.584 1.44763 5.33793
3540 -1784.52 -3098.35 -8072.41 939.584 1.42081 5.50473
3541 -1782.08 -3100.76 -8097.37 939.584 1.44763 5.50473
3542 -1749.29 -3060.58 -8072.41 939.584 1.42081 5.56034
3543 -1746.72 -3062.85 -8097.37 939.584 1.44763 5.56034
3554 -1586.45 -2798.54 -8072.41 939.584 1.42081 5.89396
3568 -1510.68 -2446 -8123.36 939.584 1.47546 0
3569 -1508.62 -2446 -8148.47 939.584 1.50228 0
3582 -1579.43 -2094.03 -8123.36 939.584 1.47546 0.38581
3583 -1577.52 -2093.25 -8148.47 939.584 1.50228 0.38581
3584 -1600.14 -2046.83 -8123.36 939.584 1.47546 0.440926
3585 -1598.27 -2045.95 -8148.47 939.584 1.50228 0.440926
3668 -3312.57 -2094.04 -8123.36 939.584 1.47546 2.75579
3669 -3314.48 -2093.26 -8148.47 939.584 1.50228 2.75579
3686 -3375.64 -2548.9 -8123.36 939.584 1.47546 3.25183
3687 -3377.69 -2549.12 -8148.47 939.584 1.50228 3.25183
3698 -3291.86 -2845.17 -8123.36 939.584 1.47546 3.58252
3699 -3293.73 -2846.05 -8148.47 939.584 1.50228 3.58252
3700 -3268.59 -2891.16 -8123.36 939.584 1.47546 3.63763
3701 -3270.4 -2892.14 -8148.47 939.584 1.50228 3.63763
3704 -3214.62 -2978.95 -8123.36 939.584 1.47546 3.74787
3705 -3216.32 -2980.13 -8148.47 939.584 1.50228 3.74787
3714 -3040.61 -3167.98 -8123.36 939.584 1.47546 4.02344
3715 -3041.92 -3169.58 -8148.47 939.584 1.50228 4.02344
3716 -2999.93 -3199.64 -8123.36 939.584 1.47546 4.07856
3717 -3001.15 -3201.31 -8148.47 939.584 1.50228 4.07856
3718 -2957.57 -3229.02 -8123.36 939.584 1.47546 4.13367
3719 -2958.7 -3230.74 -8148.47 939.584 1.50228 4.13367
3740 -2420.23 -3380.96 -8123.36 939.584 1.47546 4.73995
3741 -2420.17 -3383.02 -8148.47 939.584 1.50228 4.73995
3758 -1978.34 -3256.01 -8123.36 939.584 1.47546 5.23599
3759 -1977.31 -3257.79 -8148.47 939.584 1.50228 5.23599
3760 -1934.43 -3229.02 -8123.36 939.584 1.47546 5.29111
3761 -1933.3 -3230.74 -8148.47 939.584 1.50228 5.29111
3762 -1892.07 -3199.64 -8123.36 939.584 1.47546 5.34622
3763 -1890.85 -3201.31 -8148.47 939.584 1.50228 5.34622
3775 -1675.68 -2980.13 -8148.47 939.584 1.50228 5.67691
3802 -1520 -2291.48 -8174.55 939.584 1.53007 0.165347
3803 -1519.32 -2291.36 -8199.74 939.584 1.55689 0.165347
3856 -2523.53 -1510.4 -8174.55 939.584 1.53007 1.65347
3865 -2726.45 -1549.34 -8199.74 939.584 1.55689 1.87393
3912 -3383.38 -2497.72 -8174.55 939.584 1.53007 3.19671
3913 -3384.07 -2497.76 -8199.74 939.584 1.55689 3.19671
3924 -3315.8 -2799.28 -8174.55 939.584 1.53007 3.5274
3925 -3316.44 -2799.54 -8199.74 939.584 1.55689 3.5274
3928 -3271.66 -2892.82 -8174.55 939.584 1.53007 3.63763
3929 -3272.26 -2893.15 -8199.74 939.584 1.55689 3.63763
3930 -3245.79 -2937.63 -8174.55 939.584 1.53007 3.69275
3931 -3246.37 -2937.99 -8199.74 939.584 1.55689 3.69275
3934 -3186.85 -3022.63 -8174.55 939.584 1.53007 3.80299
3935 -3187.39 -3023.05 -8199.74 939.584 1.55689 3.80299
3942 -3042.82 -3170.68 -8174.55 939.584 1.53007 4.02344
3943 -3043.26 -3171.21 -8199.74 939.584 1.55689 4.02344
3944 -3002 -3202.45 -8174.55 939.584 1.53007 4.07856
3945 -3002.4 -3203.01 -8199.74 939.584 1.55689 4.07856
3946 -2959.48 -3231.94 -8174.55 939.584 1.53007 4.13367
3947 -2959.86 -3232.51 -8199.74 939.584 1.55689 4.13367
3956 -2726.24 -3342 -8174.55 939.584 1.53007 4.40926
3957 -2726.45 -3342.66 -8199.74 939.584 1.55689 4.40926
3974 -2266.02 -3367.39 -8174.55 939.584 1.53007 4.9053
3980 -2116.82 -3325.2 -8174.55 939.584 1.53007 5.07064
3981 -2116.58 -3325.85 -8199.74 939.584 1.55689 5.07064
3986 -1976.6 -3259.03 -8174.55 939.584 1.53007 5.23599
3987 -1976.25 -3259.63 -8199.74 939.584 1.55689 5.23599
3988 -1932.52 -3231.94 -8174.55 939.584 1.53007 5.29111
3989 -1932.14 -3232.51 -8199.74 939.584 1.55689 5.29111
3990 -1890 -3202.45 -8174.55 939.584 1.53007 5.34622
3991 -1889.6 -3203.01 -8199.74 939.584 1.55689 5.34622
4029 -1512.89 -2342.72 -8251.05 939.584 1.61152 0.110231
4068 -2116.58 -1566.15 -8225.86 939.584 1.5847 1.21254
4144 -3372.68 -2600.64 -8225.86 939.584 1.5847 3.30695
4145 -3372 -2600.53 -8251.05 939.584 1.61152 3.30695
4176 -2915.75 -3259.63 -8225.86 939.584 1.5847 4.18879
4177 -2915.4 -3259.03 -8251.05 939.584 1.61152 4.18879
4208 -2116.58 -3325.85 -8225.86 939.584 1.5847 5.07064
4209 -2116.82 -3325.2 -8251.05 939.584 1.61152 5.07064
4210 -2068.61 -3306.36 -8225.86 939.584 1.5847 5.12575
4211 -2068.89 -3305.73 -8251.05 939.584 1.61152 5.12575
4212 -2021.79 -3284.27 -8225.86 939.584 1.5847 5.18087
4213 -2022.1 -3283.65 -8251.05 939.584 1.61152 5.18087
4222 -1809.69 -3137.2 -8225.86 939.584 1.5847 5.45646
4223 -1810.16 -3136.7 -8251.05 939.584 1.61152 5.45646
4225 -1773.09 -3100.63 -8251.05 939.584 1.61152 5.51156
4234 -1619.74 -2893.15 -8225.86 939.584 1.5847 5.78715
4248 -1512.21 -2549.36 -8225.86 939.584 1.5847 6.17295
4249 -1512.89 -2549.28 -8251.05 939.584 1.61152 6.17295
4271 -1623.41 -2000.84 -8302.24 939.584 1.66613 0.496042
4332 -3001.15 -1690.69 -8277.13 939.584 1.63931 2.20463
4340 -3152.88 -1830.37 -8277.13 939.584 1.63931 2.42508
4347 -3242.81 -1956.2 -8302.24 939.584 1.66613 2.59044
4378 -3332.59 -2750.36 -8277.13 939.584 1.63931 3.47228
4422 -2471.83 -3383.02 -8277.13 939.584 1.63931 4.68483
4423 -2471.77 -3380.96 -8302.24 939.584 1.66613 4.68483
4440 -2022.74 -3282.38 -8277.13 939.584 1.63931 5.18087
4441 -2023.67 -3280.54 -8302.24 939.584 1.66613 5.18087
4544 -2639.03 -1533.73 -8328.23 939.584 1.69396 1.77931
4560 -3012.8 -1705.57 -8328.23 939.584 1.69396 2.22414
4604 -3335.2 -2726.74 -8328.23 939.584 1.69396 3.44741
4605 -3331.93 -2725.71 -8353.19 939.584 1.72078 3.44741
4622 -3091.46 -3118.96 -8328.23 939.584 1.69396 3.94785
4623 -3089.08 -3116.49 -8353.19 939.584 1.72078 3.94785
4626 -3012.8 -3186.43 -8328.23 939.584 1.69396 4.05904
4628 -2970.77 -3216.79 -8328.23 939.584 1.69396 4.11465
4629 -2968.84 -3213.95 -8353.19 939.584 1.72078 4.11465
4664 -2080.2 -3303.72 -8328.23 939.584 1.69396 5.11551
4665 -2081.55 -3300.57 -8353.19 939.584 1.72078 5.11551
4674 -1858.84 -3170.39 -8328.23 939.584 1.69396 5.39354
4678 -1782.08 -3100.76 -8328.23 939.584 1.69396 5.50473
4679 -1784.52 -3098.35 -8353.19 939.584 1.72078 5.50473
4702 -1519.29 -2549.49 -8328.23 939.584 1.69396 6.17197
4703 -1522.7 -2549.11 -8353.19 939.584 1.72078 6.17197
4706 -1521.23 -2446 -8379 939.584 1.74862 0
4707 -1526.02 -2446 -8403.74 939.584 1.77544 0
4710 -1527.05 -2342.46 -8379 939.584 1.74862 0.1122
4711 -1531.81 -2343 -8403.74 939.584 1.77544 0.1122
4774 -2751.44 -1573.13 -8379 939.584 1.74862 1.9074
4834 -3279.19 -2847.24 -8379 939.584 1.74862 3.59039
4835 -3274.87 -2845.16 -8403.74 939.584 1.77544 3.59039
4850 -3022.58 -3169.02 -8379 939.584 1.74862 4.0392
4853 -2978.36 -3196.3 -8403.74 939.584 1.77544 4.09529
4856 -2893.33 -3255.38 -8379 939.584 1.74862 4.20748
4857 -2891.02 -3251.18 -8403.74 939.584 1.77544 4.20748
4888 -2092.11 -3300.37 -8379 939.584 1.74862 5.10509
4889 -2093.94 -3295.95 -8403.74 939.584 1.77544 5.10509
4891 -2046.84 -3274.87 -8403.74 939.584 1.77544 5.16118
4895 -1956.54 -3224.97 -8403.74 939.584 1.77544 5.27339
4914 -1612.81 -2847.24 -8379 939.584 1.74862 5.83439
4915 -1617.13 -2845.16 -8403.74 939.584 1.77544 5.83439
4926 -1527.05 -2549.55 -8379 939.584 1.74862 6.17098
4927 -1531.81 -2549.01 -8403.74 939.584 1.77544 6.17098
4928 -1522.69 -2497.85 -8379 939.584 1.74862 6.22709
4930 -1531.7 -2446 -8429.31 939.584 1.80332 0
4950 -1676.84 -1951.69 -8429.31 939.584 1.80332 0.571199
4951 -1682 -1955.01 -8453.75 939.584 1.83014 0.571199
5020 -3215.16 -1951.7 -8429.31 939.584 1.80332 2.5704
5036 -3354.34 -2341.79 -8429.31 939.584 1.80332 3.02736
5037 -3348.24 -2342.48 -8453.75 939.584 1.83014 3.02736
5038 -3358.81 -2393.8 -8429.31 939.584 1.80332 3.08447
5039 -3352.68 -2394.15 -8453.75 939.584 1.83014 3.08447
5040 -3360.3 -2446 -8429.31 939.584 1.80332 3.14159
5041 -3354.16 -2446 -8453.75 939.584 1.83014 3.14159
5042 -3358.81 -2498.2 -8429.31 939.584 1.80332 3.19872
5043 -3352.68 -2497.85 -8453.75 939.584 1.83014 3.19872
5050 -3323.26 -2703.59 -8429.31 939.584 1.80332 3.4272
5051 -3317.37 -2701.86 -8453.75 939.584 1.83014 3.4272
5072 -3004.31 -3170.04 -8429.31 939.584 1.80332 4.05552
5073 -3000.56 -3165.18 -8453.75 939.584 1.83014 4.05552
5076 -2918.14 -3228.96 -8429.31 939.584 1.80332 4.16975
5077 -2914.97 -3223.7 -8453.75 939.584 1.83014 4.16975
5091 -2575.25 -3344.92 -8453.75 939.584 1.83014 4.56959
5104 -2213.57 -3330.26 -8429.31 939.584 1.80332 4.96942
5112 -2019.33 -3254.64 -8429.31 939.584 1.80332 5.1979
5113 -2022.19 -3249.21 -8453.75 939.584 1.83014 5.1979
5124 -1772.39 -3064.22 -8429.31 939.584 1.80332 5.54063
5128 -1706.32 -2983.41 -8429.31 939.584 1.80332 5.65487
5129 -1711.28 -2979.8 -8453.75 939.584 1.83014 5.65487
5130 -1676.84 -2940.3 -8429.31 939.584 1.80332 5.71199
5131 -1682 -2936.99 -8453.75 939.584 1.83014 5.71199
5132 -1649.88 -2895.6 -8429.31 939.584 1.80332 5.7691
5133 -1655.22 -2892.58 -8453.75 939.584 1.83014 5.7691
5134 -1625.51 -2849.41 -8429.31 939.584 1.80332 5.82622
5135 -1631.02 -2846.7 -8453.75 939.584 1.83014 5.82622
5136 -1603.82 -2801.91 -8429.31 939.584 1.80332 5.88335
5137 -1609.47 -2799.52 -8453.75 939.584 1.83014 5.88335
5146 -1537.66 -2550.21 -8429.31 939.584 1.80332 6.16895
5152 -1546.44 -2393.61 -8478.99 939.584 1.85804 0.0581776
5153 -1553.89 -2394.04 -8503.06 939.584 1.88486 0.0581776
5223 -2892.81 -1672.1 -8503.06 939.584 1.88486 2.0944
5252 -3333.4 -2289.53 -8478.99 939.584 1.85804 2.96706
5253 -3326.05 -2290.82 -8503.06 939.584 1.88486 2.96706
5254 -3341 -2341.38 -8478.99 939.584 1.85804 3.02523
5255 -3333.58 -2342.25 -8503.06 939.584 1.88486 3.02523
5256 -3345.57 -2393.61 -8478.99 939.584 1.85804 3.08342
5257 -3338.11 -2394.05 -8503.06 939.584 1.88486 3.08342
5258 -3347.09 -2446 -8478.99 939.584 1.85804 3.14159
5259 -3339.63 -2446 -8503.06 939.584 1.88486 3.14159
5260 -3345.57 -2498.39 -8478.99 939.584 1.85804 3.19976
5261 -3338.11 -2497.95 -8503.06 939.584 1.88486 3.19976
5286 -3064.36 -3101.43 -8478.99 939.584 1.85804 3.95609
5287 -3059.24 -3096 -8503.06 939.584 1.88486 3.95609
5342 -1755.73 -3025.21 -8478.99 939.584 1.85804 5.58505
5343 -1761.44 -3020.41 -8503.06 939.584 1.88486 5.58505
5346 -1693.15 -2941.15 -8478.99 939.584 1.85804 5.70141
5347 -1699.38 -2937.05 -8503.06 939.584 1.88486 5.70141
5348 -1665.63 -2896.54 -8478.99 939.584 1.85804 5.75959
5349 -1672.1 -2892.81 -8503.06 939.584 1.88486 5.75959
5350 -1640.76 -2850.41 -8478.99 939.584 1.85804 5.81776
5351 -1647.43 -2847.06 -8503.06 939.584 1.88486 5.81776
5352 -1618.6 -2802.9 -8478.99 939.584 1.85804 5.87595
5353 -1625.46 -2799.94 -8503.06 939.584 1.88486 5.87595
5354 -1599.25 -2754.19 -8478.99 939.584 1.85804 5.93412
5378 -1616.22 -2137.78 -8527.89 939.584 1.91277 0.355653
5420 -2472.23 -1561.21 -8527.89 939.584 1.91277 1.60043
5421 -2471.97 -1569.98 -8551.51 939.584 1.93959 1.60043
5450 -3149.59 -1908.88 -8527.89 939.584 1.91277 2.48957
5469 -3316.26 -2342.35 -8551.51 939.584 1.93959 3.02305
5480 -3306.41 -2653.92 -8527.89 939.584 1.91277 3.3787
5481 -3297.89 -2651.86 -8551.51 939.584 1.93959 3.3787
5482 -3292.59 -2704.52 -8527.89 939.584 1.91277 3.43797
5483 -3284.2 -2701.96 -8551.51 939.584 1.93959 3.43797
5484 -3275.78 -2754.22 -8527.89 939.584 1.91277 3.49724
5485 -3267.57 -2751.16 -8551.51 939.584 1.93959 3.49724
5512 -2778.67 -3266.29 -8527.89 939.584 1.91277 4.32711
5513 -2775.37 -3258.16 -8551.51 939.584 1.93959 4.32711
5520 -2576.7 -3321.48 -8527.89 939.584 1.91277 4.56419
5521 -2575.41 -3312.8 -8551.51 939.584 1.93959 4.56419
5550 -1848.52 -3099.11 -8527.89 939.584 1.91277 5.45333
5551 -1854.44 -3092.64 -8551.51 939.584 1.93959 5.45333
5552 -1810.88 -3062.57 -8527.89 939.584 1.91277 5.5126
5553 -1817.17 -3056.46 -8551.51 939.584 1.93959 5.5126
5554 -1775.47 -3023.87 -8527.89 939.584 1.91277 5.57188
5555 -1782.11 -3018.14 -8551.51 939.584 1.93959 5.57188
5556 -1742.41 -2983.12 -8527.89 939.584 1.91277 5.63117
5557 -1749.38 -2977.8 -8551.51 939.584 1.93959 5.63117
5559 -1719.1 -2935.6 -8551.51 939.584 1.93959 5.69044
5560 -1683.82 -2896.14 -8527.89 939.584 1.91277 5.74971
5561 -1691.37 -2891.68 -8551.51 939.584 1.93959 5.74971
5562 -1658.5 -2850.2 -8527.89 939.584 1.91277 5.80898
5563 -1666.3 -2846.2 -8551.51 939.584 1.93959 5.80898
5569 -1607.8 -2701.96 -8551.51 939.584 1.93959 5.98681
5582 -1585.71 -2341.54 -8575.85 939.584 1.96752 0.120831
5583 -1595.68 -2342.75 -8598.96 939.584 1.99434 0.120831
5660 -3128.18 -1911.55 -8575.85 939.584 1.96752 2.47702
5682 -3312.61 -2446 -8575.85 939.584 1.96752 3.14159
5683 -3302.56 -2446 -8598.96 939.584 1.99434 3.14159
5686 -3306.29 -2550.46 -8575.85 939.584 1.96752 3.26242
5687 -3296.32 -2549.25 -8598.96 939.584 1.99434 3.26242
5698 -3213.35 -2848.73 -8575.85 939.584 1.96752 3.62491
5744 -2188.18 -3273.37 -8575.85 939.584 1.96752 5.01447
5745 -2191.17 -3263.77 -8598.96 939.584 1.99434 5.01447
5770 -1678.65 -2848.73 -8575.85 939.584 1.96752 5.79987
5771 -1687.55 -2844.06 -8598.96 939.584 1.99434 5.79987
5772 -1655.74 -2801.67 -8575.85 939.584 1.96752 5.86027
5773 -1664.9 -2797.55 -8598.96 939.584 1.99434 5.86027
5775 -1645.1 -2749.74 -8598.96 939.584 1.99434 5.9207
5788 -1602.21 -2393.44 -8622.76 939.584 2.02231 0.0622098
5789 -1613.48 -2394.14 -8645.29 939.584 2.04913 0.0622098
5816 -1942.71 -1766.7 -8622.76 939.584 2.02231 0.933146
5882 -3281.22 -2315.04 -8622.76 939.584 2.02231 2.98607
5883 -3270.06 -2316.79 -8645.29 939.584 2.04913 2.98607
5890 -3287.75 -2524.78 -8622.76 939.584 2.02231 3.23492
5891 -3276.5 -2523.73 -8645.29 939.584 2.04913 3.23492
5894 -3271.47 -2628.62 -8622.76 939.584 2.02231 3.35932
5895 -3260.44 -2626.18 -8645.29 939.584 2.04913 3.35932
5917 -2963.17 -3100.45 -8645.29 939.584 2.04913 4.04363
5918 -2927.92 -3140.63 -8622.76 939.584 2.02231 4.10585
5919 -2921.48 -3131.34 -8645.29 939.584 2.04913 4.10585
5920 -2883.8 -3169.24 -8622.76 939.584 2.02231 4.16806
5921 -2877.95 -3159.58 -8645.29 939.584 2.04913 4.16806
5924 -2790.66 -3217.98 -8622.76 939.584 2.02231 4.29248
5925 -2786.06 -3207.67 -8645.29 939.584 2.04913 4.29248
5928 -2692.21 -3254.78 -8622.76 939.584 2.02231 4.41689
5929 -2688.92 -3243.98 -8645.29 939.584 2.04913 4.41689
5930 -2641.44 -3268.53 -8622.76 939.584 2.02231 4.47911
5931 -2638.83 -3257.54 -8645.29 939.584 2.04913 4.47911
5951 -2129.79 -3217.87 -8645.29 939.584 2.04913 5.1012
5955 -2036.45 -3172.66 -8645.29 939.584 2.04913 5.22562
5972 -1703.13 -2849.6 -8622.76 939.584 2.02231 5.7855
5973 -1713.06 -2844.2 -8645.29 939.584 2.04913 5.7855
5974 -1679.47 -2802.62 -8622.76 939.584 2.02231 5.84773
5975 -1689.71 -2797.86 -8645.29 939.584 2.04913 5.84773
6037 -2420.06 -1637.23 -8690.33 939.584 2.10393 1.53874
6073 -3175.05 -2094.91 -8690.33 939.584 2.10393 2.6928
6074 -3207.65 -2137.64 -8668.46 939.584 2.07711 2.7569
6075 -3196.05 -2142.34 -8690.33 939.584 2.10393 2.7569
6076 -3225.84 -2187.08 -8668.46 939.584 2.07711 2.82103
6077 -3213.97 -2191.02 -8690.33 939.584 2.10393 2.82103
6080 -3252.55 -2288.93 -8668.46 939.584 2.07711 2.94926
6081 -3240.27 -2291.32 -8690.33 939.584 2.10393 2.94926
6082 -3260.96 -2340.92 -8668.46 939.584 2.07711 3.01336
6083 -3248.54 -2342.52 -8690.33 939.584 2.10393 3.01336
6084 -3266.01 -2393.36 -8668.46 939.584 2.07711 3.07749
6085 -3253.53 -2394.16 -8690.33 939.584 2.10393 3.07749
6086 -3267.7 -2446 -8668.46 939.584 2.07711 3.14159
6087 -3255.19 -2446 -8690.33 939.584 2.10393 3.14159
6106 -3104.52 -2937.47 -8668.46 939.584 2.07711 3.78274
6107 -3094.49 -2929.99 -8690.33 939.584 2.10393 3.78274
6108 -3071.68 -2978.65 -8668.46 939.584 2.07711 3.84685
6109 -3062.15 -2970.54 -8690.33 939.584 2.10393 3.84685
6112 -2998.43 -3054.29 -8668.46 939.584 2.07711 3.97507
6113 -2990.02 -3045.02 -8690.33 939.584 2.10393 3.97507
6156 -1933.68 -3088.44 -8668.46 939.584 2.07711 5.38558
6166 -1757.34 -2894.26 -8668.46 939.584 2.07711 5.70616
6167 -1767.83 -2887.44 -8690.33 939.584 2.10393 5.70616
6168 -1730.04 -2849.23 -8668.46 939.584 2.07711 5.77027
6169 -1740.94 -2843.09 -8690.33 939.584 2.10393 5.77027
6170 -1705.67 -2802.52 -8668.46 939.584 2.07711 5.83439
6171 -1716.95 -2797.09 -8690.33 939.584 2.10393 5.83439
6198 -1736.01 -2087.23 -8712.81 939.584 2.13195 0.467897
6199 -1748.23 -2093.4 -8733.96 939.584 2.15877 0.467897
6245 -2775.09 -1736.84 -8733.96 939.584 2.15877 2.00528
6268 -3197.48 -2185.06 -8712.81 939.584 2.13195 2.80738
6269 -3184.54 -2189.55 -8733.96 939.584 2.15877 2.80738
6270 -3213.23 -2235.84 -8712.81 939.584 2.13195 2.87423
6271 -3200.02 -2239.45 -8733.96 939.584 2.15877 2.87423
6272 -3225.55 -2287.55 -8712.81 939.584 2.13195 2.94107
6273 -3212.13 -2290.28 -8733.96 939.584 2.15877 2.94107
6274 -3234.39 -2339.97 -8712.81 939.584 2.13195 3.0079
6275 -3220.82 -2341.79 -8733.96 939.584 2.15877 3.0079
6276 -3239.72 -2392.86 -8712.81 939.584 2.13195 3.07475
6277 -3226.05 -2393.78 -8733.96 939.584 2.15877 3.07475
6284 -3225.55 -2604.45 -8712.81 939.584 2.13195 3.34211
6285 -3212.13 -2601.72 -8733.96 939.584 2.15877 3.34211
6286 -3213.23 -2656.16 -8712.81 939.584 2.13195 3.40896
6287 -3200.02 -2652.55 -8733.96 939.584 2.15877 3.40896
6298 -3070.3 -2939.01 -8712.81 939.584 2.13195 3.81002
6299 -3059.55 -2930.52 -8733.96 939.584 2.15877 3.81002
6302 -2999.02 -3017.81 -8712.81 939.584 2.13195 3.94369
6303 -2989.5 -3007.97 -8733.96 939.584 2.15877 3.94369
6318 -2630.41 -3219.82 -8712.81 939.584 2.13195 4.47845
6342 -2017.96 -3116.52 -8712.81 939.584 2.13195 5.28055
6343 -2025.33 -3104.97 -8733.96 939.584 2.15877 5.28055
6348 -1892.98 -3017.81 -8712.81 939.584 2.13195 5.48108
6349 -1902.5 -3007.97 -8733.96 939.584 2.15877 5.48108
6350 -1856.02 -2979.61 -8712.81 939.584 2.13195 5.54791
6351 -1866.18 -2970.42 -8733.96 939.584 2.15877 5.54791
6356 -1761.55 -2851.39 -8712.81 939.584 2.13195 5.74845
6357 -1773.34 -2844.41 -8733.96 939.584 2.15877 5.74845
6358 -1736.01 -2804.78 -8712.81 939.584 2.13195 5.81528
6359 -1748.23 -2798.6 -8733.96 939.584 2.15877 5.81528
6360 -1713.63 -2756.56 -8712.81 939.584 2.13195 5.88213
6361 -1726.24 -2751.21 -8733.96 939.584 2.15877 5.88213
6452 -3158.25 -2161.73 -8755.67 939.584 2.1868 2.76184
6453 -3144.47 -2167.23 -8776.05 939.584 2.21362 2.76184
6474 -3158.25 -2730.27 -8755.67 939.584 2.1868 3.52134
6475 -3144.47 -2724.77 -8776.05 939.584 2.21362 3.52134
6494 -2814.05 -3118.79 -8755.67 939.584 2.1868 4.21181
6532 -1889.87 -2974.04 -8755.67 939.584 2.1868 5.52369
6533 -1900.63 -2963.83 -8776.05 939.584 2.21362 5.52369
6540 -1766.96 -2802.38 -8755.67 939.584 2.1868 5.79987
6541 -1780.09 -2795.49 -8776.05 939.584 2.21362 5.79987
6553 -1695.75 -2497.88 -8776.05 939.584 2.21362 6.21414
6560 -1727.26 -2287.79 -8796.93 939.584 2.24169 0.216662
6561 -1742.82 -2291.22 -8816.46 939.584 2.26852 0.216662
6562 -1740.55 -2236.34 -8796.93 939.584 2.24169 0.288882
6563 -1755.82 -2240.88 -8816.46 939.584 2.26852 0.288882
6609 -2712.5 -1777.12 -8816.46 939.584 2.26852 1.94995
6662 -2980.29 -2952.1 -8796.93 939.584 2.24169 3.8999
6663 -2968.73 -2941.15 -8816.46 939.584 2.26852 3.8999
6696 -2149.1 -3119.39 -8796.93 939.584 2.24169 5.12766
6697 -2155.52 -3104.82 -8816.46 939.584 2.26852 5.12766
6712 -1829.51 -2847.93 -8796.93 939.584 2.24169 5.70543
6713 -1842.85 -2839.23 -8816.46 939.584 2.26852 5.70543
6714 -1802.12 -2802.41 -8796.93 939.584 2.24169 5.77763
6715 -1816.06 -2794.7 -8816.46 939.584 2.26852 5.77763
6716 -1778.08 -2755.02 -8796.93 939.584 2.24169 5.84985
6717 -1792.54 -2748.33 -8816.46 939.584 2.26852 5.84985
6734 -1761.72 -2285.87 -8836.45 939.584 2.29662 0.229872
6735 -1778.25 -2289.74 -8855.07 939.584 2.32344 0.229872
6828 -2988.18 -2893.13 -8836.45 939.584 2.29662 3.83121
6829 -2975.08 -2882.33 -8855.07 939.584 2.32344 3.83121
6830 -2952.36 -2933.32 -8836.45 939.584 2.29662 3.90783
6831 -2940.13 -2921.54 -8855.07 939.584 2.32344 3.90783
6832 -2913.56 -2970.65 -8836.45 939.584 2.29662 3.98446
6833 -2902.27 -2957.98 -8855.07 939.584 2.32344 3.98446
6834 -2872.03 -3004.9 -8836.45 939.584 2.29662 4.06108
6835 -2861.74 -2991.4 -8855.07 939.584 2.32344 4.06108
6860 -2208.45 -3107.4 -8836.45 939.584 2.29662 5.0572
6861 -2214.19 -3091.42 -8855.07 939.584 2.32344 5.0572
6862 -2158.52 -3087.28 -8836.45 939.584 2.29662 5.13382
6863 -2165.47 -3071.79 -8855.07 939.584 2.32344 5.13382
6864 -2110.27 -3063.39 -8836.45 939.584 2.29662 5.21045
6865 -2118.38 -3048.47 -8855.07 939.584 2.32344 5.21045
6866 -2064 -3035.88 -8836.45 939.584 2.29662 5.28707
6867 -2073.23 -3021.62 -8855.07 939.584 2.32344 5.28707
6874 -1903.82 -2893.13 -8836.45 939.584 2.29662 5.59357
6875 -1916.92 -2882.33 -8855.07 939.584 2.32344 5.59357
6878 -1841.93 -2805.13 -8836.45 939.584 2.29662 5.74681
6879 -1856.52 -2796.45 -8855.07 939.584 2.32344 5.74681
6880 -1816.2 -2757.83 -8836.45 939.584 2.29662 5.82345
6881 -1831.42 -2750.29 -8855.07 939.584 2.32344 5.82345
6898 -1797.95 -2286.27 -8874.11 939.584 2.35158 0.241662
6899 -1815.4 -2290.57 -8891.78 939.584 2.3784 0.241662
6900 -1812.9 -2234.64 -8874.11 939.584 2.35158 0.322214
6901 -1829.95 -2240.33 -8891.78 939.584 2.3784 0.322214
6988 -2945.59 -2888.59 -8874.11 939.584 2.35158 3.86657
6989 -2932.14 -2876.67 -8891.78 939.584 2.3784 3.86657
6990 -2908.35 -2927.36 -8874.11 939.584 2.35158 3.94713
6991 -2895.9 -2914.4 -8891.78 939.584 2.3784 3.94713
6994 -2825.15 -2995.3 -8874.11 939.584 2.35158 4.10824
6995 -2814.94 -2980.51 -8891.78 939.584 2.3784 4.10824
7020 -2159.87 -3049 -8874.11 939.584 2.35158 5.15544
7021 -2167.57 -3032.76 -8891.78 939.584 2.3784 5.15544
7034 -1881.88 -2802.73 -8874.11 939.584 2.35158 5.7193
7035 -1897.08 -2793.12 -8891.78 939.584 2.3784 5.7193
7036 -1855.01 -2756.17 -8874.11 939.584 2.35158 5.79987
7037 -1870.92 -2747.82 -8891.78 939.584 2.3784 5.79987
7105 -2900.76 -2037.71 -8926.46 939.584 2.43341 2.40999
7124 -3070.83 -2527.12 -8909.81 939.584 2.40659 3.27069
7125 -3052.07 -2524.68 -8926.46 939.584 2.43341 3.27069
7126 -3061.54 -2580.54 -8909.81 939.584 2.40659 3.35677
7127 -3043.06 -2576.5 -8926.46 939.584 2.43341 3.35677
7142 -2835.81 -2941.02 -8909.81 939.584 2.40659 4.04534
7143 -2824.1 -2926.15 -8926.46 939.584 2.43341 4.04534
7168 -2170.88 -3012.84 -8909.81 939.584 2.40659 5.16425
7169 -2179.14 -2995.81 -8926.46 939.584 2.43341 5.16425
7170 -2123.17 -2987.08 -8909.81 939.584 2.40659 5.25033
7171 -2132.86 -2970.84 -8926.46 939.584 2.43341 5.25033
7174 -2035.26 -2923.79 -8909.81 939.584 2.40659 5.42248
7175 -2047.59 -2909.44 -8926.46 939.584 2.43341 5.42248
7182 -1898.1 -2757.11 -8909.81 939.584 2.40659 5.76676
7183 -1914.55 -2747.77 -8926.46 939.584 2.43341 5.76676
7184 -1873.38 -2708.87 -8909.81 939.584 2.40659 5.85282
7185 -1890.57 -2700.97 -8926.46 939.584 2.43341 5.85282
7224 -2337.45 -1865.29 -8943.42 939.584 2.46164 1.386
7268 -3014.22 -2607.67 -8943.42 939.584 2.46164 3.41879
7269 -2995.17 -2602.25 -8959 939.584 2.48846 3.41879
7286 -2709.33 -2974.83 -8943.42 939.584 2.46164 4.25038
7287 -2700.5 -2957.1 -8959 939.584 2.48846 4.25038
7304 -2232.59 -2996.88 -8943.42 939.584 2.46164 5.08198
7305 -2239.75 -2978.41 -8959 939.584 2.48846 5.08198
7308 -2135 -2948.28 -8943.42 939.584 2.46164 5.26679
7309 -2145.42 -2931.44 -8959 939.584 2.48846 5.26679
7318 -1943.72 -2757 -8943.42 939.584 2.46164 5.72878
7319 -1960.56 -2746.58 -8959 939.584 2.48846 5.72878
7350 -2147.8 -1984.29 -8974.85 939.584 2.51674 0.997332
7416 -2672.06 -2946.99 -8974.85 939.584 2.51674 4.28852
7417 -2663.57 -2928.19 -8989.32 939.584 2.54356 4.28852
7432 -2245.19 -2957.64 -8974.85 939.584 2.51674 5.0864
7433 -2252.73 -2938.43 -8989.32 939.584 2.54356 5.0864
7434 -2195.25 -2935.1 -8974.85 939.584 2.51674 5.18612
7435 -2204.66 -2916.74 -8989.32 939.584 2.54356 5.18612
7438 -2103.31 -2875.72 -8974.85 939.584 2.51674 5.38558
7439 -2116.18 -2859.59 -8989.32 939.584 2.54356 5.38558
7442 -2024.95 -2799.3 -8974.85 939.584 2.51674 5.58505
7446 -1963.3 -2708.86 -8974.85 939.584 2.51674 5.78453
7447 -1981.42 -2698.99 -8989.32 939.584 2.54356 5.78453
7503 -2832.41 -2152.26 -9017.3 939.584 2.59873 2.49161
7518 -2940.93 -2554.94 -9004 939.584 2.57191 3.35826
7519 -2920.03 -2550.34 -9017.3 939.584 2.59873 3.35826
7530 -2774.08 -2832.25 -9004 939.584 2.57191 4.00824
7531 -2760.23 -2815.94 -9017.3 939.584 2.59873 4.00824
7552 -2208.62 -2893.74 -9004 939.584 2.57191 5.19988
7553 -2218.65 -2874.84 -9017.3 939.584 2.59873 5.19988
7554 -2161.6 -2865.45 -9004 939.584 2.57191 5.30821
7555 -2173.61 -2847.74 -9017.3 939.584 2.59873 5.30821
7581 -2056.21 -2241.42 -9042.88 939.584 2.65397 0.483322
7618 -2878.28 -2282.06 -9030.77 939.584 2.62715 2.77911
7619 -2857.61 -2289.9 -9042.88 939.584 2.65397 2.77911
7624 -2908.32 -2446 -9030.77 939.584 2.62715 3.14159
7625 -2886.22 -2446 -9042.88 939.584 2.65397 3.14159
7632 -2855.37 -2660.85 -9030.77 939.584 2.62715 3.62491
7644 -2609.94 -2878.28 -9030.77 939.584 2.62715 4.3499
7645 -2602.1 -2857.61 -9042.88 939.584 2.65397 4.3499
7648 -2501.73 -2904.95 -9030.77 939.584 2.62715 4.59156
7656 -2282.06 -2878.28 -9030.77 939.584 2.62715 5.07488
7657 -2289.9 -2857.61 -9042.88 939.584 2.65397 5.07488
7658 -2231.15 -2855.37 -9030.77 939.584 2.62715 5.19571
7659 -2241.42 -2835.8 -9042.88 939.584 2.65397 5.19571
7668 -2036.63 -2660.85 -9030.77 939.584 2.62715 5.79987
7694 -2306.56 -2053.66 -9055.09 939.584 2.68248 1.22932
7752 -2254.44 -2815.7 -9055.09 939.584 2.68248 5.19045
7753 -2264.9 -2795.51 -9065.95 939.584 2.7093 5.19045
7754 -2205.88 -2786.17 -9055.09 939.584 2.68248 5.32704
7755 -2219 -2767.6 -9065.95 939.584 2.7093 5.32704
7758 -2123.01 -2708.77 -9055.09 939.584 2.68248 5.60024
7759 -2140.64 -2694.42 -9065.95 939.584 2.7093 5.60024
7760 -2090.23 -2662.34 -9055.09 939.584 2.68248 5.73683
7761 -2109.66 -2650.53 -9065.95 939.584 2.7093 5.73683
7797 -2649.24 -2166.26 -9086.45 939.584 2.76473 2.19911
7812 -2797.01 -2560.05 -9076.86 939.584 2.73791 3.45575
7813 -2774.85 -2552.85 -9086.45 939.584 2.76473 3.45575
7834 -2278.44 -2774.85 -9076.86 939.584 2.73791 5.18363
7835 -2289.02 -2754.08 -9086.45 939.584 2.76473 5.18363
7836 -2229.06 -2744.59 -9076.86 939.584 2.73791 5.34071
7837 -2242.76 -2725.74 -9086.45 939.584 2.76473 5.34071
7840 -2147.41 -2662.94 -9076.86 939.584 2.73791 5.65487
7841 -2166.26 -2649.24 -9086.45 939.584 2.76473 5.65487
7848 -2125.49 -2446 -9096.03 939.584 2.79348 0
7849 -2149.29 -2446 -9104.3 939.584 2.8203 0
7856 -2209.14 -2230.07 -9096.03 939.584 2.79348 0.739198
7857 -2226.73 -2246.11 -9104.3 939.584 2.8203 0.739198
7858 -2252.85 -2190.22 -9096.03 939.584 2.79348 0.923998
7859 -2267.19 -2209.22 -9104.3 939.584 2.8203 0.923998
7890 -2682.86 -2661.93 -9096.03 939.584 2.79348 3.88079
7891 -2665.27 -2645.89 -9104.3 939.584 2.8203 3.88079
7892 -2639.15 -2701.78 -9096.03 939.584 2.79348 4.06559
7893 -2624.81 -2682.78 -9104.3 939.584 2.8203 4.06559
7920 -2202.03 -2328.51 -9112.52 939.584 2.84924 0.448799
7921 -2223.85 -2339.02 -9119.46 939.584 2.87606 0.448799
7952 -2614.83 -2657.71 -9112.52 939.584 2.84924 4.0392
7953 -2599.73 -2638.77 -9119.46 939.584 2.87606 4.0392
7960 -2385.74 -2710 -9112.52 939.584 2.84924 4.93679
7961 -2391.13 -2686.38 -9119.46 939.584 2.87606 4.93679
7968 -2202.03 -2563.49 -9112.52 939.584 2.84924 5.83439
7969 -2223.85 -2552.98 -9119.46 939.584 2.87606 5.83439
7974 -2234.94 -2384.03 -9126.27 939.584 2.90529 0.285599
7975 -2258.52 -2390.95 -9131.84 939.584 2.93211 0.285599
7988 -2590.05 -2279.76 -9126.27 939.584 2.90529 2.28479
8002 -2537.38 -2646.09 -9126.27 939.584 2.90529 4.284
8003 -2527.17 -2623.74 -9131.84 939.584 2.93211 4.284
8010 -2301.95 -2612.24 -9126.27 939.584 2.90529 5.42639
8011 -2318.05 -2593.67 -9131.84 939.584 2.93211 5.42639
8016 -2277.95 -2446 -9137.23 939.584 2.96176 0
8017 -2302.8 -2446 -9141.41 939.584 2.98859 0
8020 -2327.17 -2327.17 -9137.23 939.584 2.96176 0.785398
8021 -2344.74 -2344.74 -9141.41 939.584 2.98859 0.785398
8023 -2391.2 -2313.7 -9141.41 939.584 2.98859 1.1781
8028 -2564.83 -2327.17 -9137.23 939.584 2.96176 2.35619
8029 -2547.26 -2344.74 -9141.41 939.584 2.98859 2.35619
8044 -2327.17 -2564.83 -9137.23 939.584 2.96176 5.49779
8045 -2344.74 -2547.26 -9141.41 939.584 2.98859 5.49779
