X Y Interpolated_Values
0.000000000000000000e+00 0.000000000000000000e+00 1.000000000000000000e+00
2.000000000000000000e+01 0.000000000000000000e+00 9.997113416977116973e-01
4.000000000000000000e+01 0.000000000000000000e+00 9.995049999999999768e-01
6.000000000000000000e+01 0.000000000000000000e+00 9.994235962289155228e-01
8.000000000000000000e+01 0.000000000000000000e+00 9.993549999999999933e-01
1.000000000000000000e+02 0.000000000000000000e+00 9.991947894413781839e-01
1.200000000000000000e+02 0.000000000000000000e+00 9.990339999999999776e-01
1.400000000000000000e+02 0.000000000000000000e+00 9.988880308595384783e-01
1.600000000000000000e+02 0.000000000000000000e+00 9.983149999999998414e-01
1.800000000000000000e+02 0.000000000000000000e+00 9.970185184824310598e-01
2.000000000000000000e+02 0.000000000000000000e+00 9.956650000000000222e-01
2.200000000000000000e+02 0.000000000000000000e+00 9.948804774985852140e-01
2.400000000000000000e+02 0.000000000000000000e+00 9.942069999999999519e-01
2.600000000000000000e+02 0.000000000000000000e+00 9.931778318517372472e-01
2.800000000000000000e+02 0.000000000000000000e+00 9.916850000000000387e-01
3.000000000000000000e+02 0.000000000000000000e+00 9.894254391993384523e-01
3.200000000000000000e+02 0.000000000000000000e+00 9.872830000000000217e-01
3.400000000000000000e+02 0.000000000000000000e+00 9.862120473863249526e-01
3.600000000000000000e+02 0.000000000000000000e+00 9.851259999999998351e-01
3.800000000000000000e+02 0.000000000000000000e+00 9.830416682004105011e-01
4.000000000000000000e+02 0.000000000000000000e+00 9.809120000000000061e-01
4.200000000000000000e+02 0.000000000000000000e+00 9.797147859018277005e-01
4.400000000000000000e+02 0.000000000000000000e+00 9.785089999999999621e-01
4.600000000000000000e+02 0.000000000000000000e+00 9.762141550781351373e-01
4.800000000000000000e+02 0.000000000000000000e+00 9.735059999999999825e-01
5.000000000000000000e+02 0.000000000000000000e+00 9.710873700233297878e-01
5.200000000000000000e+02 0.000000000000000000e+00 9.664860000000000673e-01
5.400000000000000000e+02 0.000000000000000000e+00 9.581969920983991473e-01
5.600000000000000000e+02 0.000000000000000000e+00 9.529739999999999878e-01
5.800000000000000000e+02 0.000000000000000000e+00 9.563990926187372343e-01
6.000000000000000000e+02 0.000000000000000000e+00 9.588710000000000289e-01
6.200000000000000000e+02 0.000000000000000000e+00 9.522971098906863885e-01
6.400000000000000000e+02 0.000000000000000000e+00 9.464029999999999943e-01
6.600000000000000000e+02 0.000000000000000000e+00 9.461010516483864263e-01
6.800000000000000000e+02 0.000000000000000000e+00 9.409530000000000394e-01
7.000000000000000000e+02 0.000000000000000000e+00 9.329520809784872526e-01
7.200000000000000000e+02 0.000000000000000000e+00 9.265050000000000230e-01
7.400000000000000000e+02 0.000000000000000000e+00 9.163555883687083403e-01
7.600000000000000000e+02 0.000000000000000000e+00 9.080139999999999878e-01
7.800000000000000000e+02 0.000000000000000000e+00 8.740856329345567666e-01
8.000000000000000000e+02 0.000000000000000000e+00 8.461659999999999737e-01
2.000000000000000000e+01 6.000000000000000000e+00 9.997403150077454059e-01
4.000000000000000000e+01 6.000000000000000000e+00 9.995430274333259035e-01
6.000000000000000000e+01 6.000000000000000000e+00 9.994683353399631542e-01
8.000000000000000000e+01 6.000000000000000000e+00 9.994114766319447396e-01
1.000000000000000000e+02 6.000000000000000000e+00 9.992721401806344828e-01
1.200000000000000000e+02 6.000000000000000000e+00 9.991232443124400397e-01
1.400000000000000000e+02 6.000000000000000000e+00 9.989933240533624970e-01
1.600000000000000000e+02 6.000000000000000000e+00 9.985340738148339446e-01
1.800000000000000000e+02 6.000000000000000000e+00 9.973387110843224823e-01
2.000000000000000000e+02 6.000000000000000000e+00 9.959967154103708253e-01
2.200000000000000000e+02 6.000000000000000000e+00 9.951267293880392550e-01
2.400000000000000000e+02 6.000000000000000000e+00 9.943871709744603882e-01
2.600000000000000000e+02 6.000000000000000000e+00 9.933449800327464052e-01
2.800000000000000000e+02 6.000000000000000000e+00 9.919324404690251784e-01
3.000000000000000000e+02 6.000000000000000000e+00 9.900524361556612973e-01
3.200000000000000000e+02 6.000000000000000000e+00 9.881485480643036334e-01
3.400000000000000000e+02 6.000000000000000000e+00 9.868052280993775405e-01
3.600000000000000000e+02 6.000000000000000000e+00 9.856734904646543560e-01
3.800000000000000000e+02 6.000000000000000000e+00 9.836043470445898773e-01
4.000000000000000000e+02 6.000000000000000000e+00 9.818317251458751338e-01
4.200000000000000000e+02 6.000000000000000000e+00 9.805746261234151717e-01
4.400000000000000000e+02 6.000000000000000000e+00 9.791600307336006948e-01
4.600000000000000000e+02 6.000000000000000000e+00 9.771355279938758187e-01
4.800000000000000000e+02 6.000000000000000000e+00 9.747017530799576557e-01
5.000000000000000000e+02 6.000000000000000000e+00 9.723293782490731729e-01
5.200000000000000000e+02 6.000000000000000000e+00 9.695848518922862702e-01
5.400000000000000000e+02 6.000000000000000000e+00 9.642887212341051395e-01
5.600000000000000000e+02 6.000000000000000000e+00 9.615093661084237464e-01
5.800000000000000000e+02 6.000000000000000000e+00 9.643711156901624282e-01
6.000000000000000000e+02 6.000000000000000000e+00 9.655452757515335938e-01
6.200000000000000000e+02 6.000000000000000000e+00 9.596468266333260111e-01
6.400000000000000000e+02 6.000000000000000000e+00 9.567145054936012638e-01
6.600000000000000000e+02 6.000000000000000000e+00 9.559001841497627439e-01
6.800000000000000000e+02 6.000000000000000000e+00 9.497556403460707397e-01
7.000000000000000000e+02 6.000000000000000000e+00 9.449037956505064173e-01
7.200000000000000000e+02 6.000000000000000000e+00 9.462810516349949852e-01
7.400000000000000000e+02 6.000000000000000000e+00 9.302012151217697866e-01
7.600000000000000000e+02 6.000000000000000000e+00 9.338660620079763941e-01
7.800000000000000000e+02 6.000000000000000000e+00 9.389944968455388175e-01
8.000000000000000000e+02 6.000000000000000000e+00 9.496133386839112900e-01
2.000000000000000000e+01 1.200000000000000000e+01 9.997679162174466505e-01
4.000000000000000000e+01 1.200000000000000000e+01 9.995802149480813581e-01
6.000000000000000000e+01 1.200000000000000000e+01 9.995113373702226855e-01
8.000000000000000000e+01 1.200000000000000000e+01 9.994652755460758931e-01
1.000000000000000000e+02 1.200000000000000000e+01 9.993505185829714144e-01
1.200000000000000000e+02 1.200000000000000000e+01 9.992096054413927009e-01
1.400000000000000000e+02 1.200000000000000000e+01 9.991007732092623828e-01
1.600000000000000000e+02 1.200000000000000000e+01 9.987353020959869321e-01
1.800000000000000000e+02 1.200000000000000000e+01 9.976426041036762227e-01
2.000000000000000000e+02 1.200000000000000000e+01 9.963259065404591608e-01
2.200000000000000000e+02 1.200000000000000000e+01 9.953950032783960289e-01
2.400000000000000000e+02 1.200000000000000000e+01 9.945901344686750578e-01
2.600000000000000000e+02 1.200000000000000000e+01 9.934806052240754415e-01
2.800000000000000000e+02 1.200000000000000000e+01 9.921960209049501822e-01
3.000000000000000000e+02 1.200000000000000000e+01 9.906964516117137132e-01
3.200000000000000000e+02 1.200000000000000000e+01 9.890116940885066432e-01
3.400000000000000000e+02 1.200000000000000000e+01 9.875503814629476018e-01
3.600000000000000000e+02 1.200000000000000000e+01 9.862586185057896637e-01
3.800000000000000000e+02 1.200000000000000000e+01 9.844093607401311896e-01
4.000000000000000000e+02 1.200000000000000000e+01 9.827793939108862009e-01
4.200000000000000000e+02 1.200000000000000000e+01 9.814269745387895760e-01
4.400000000000000000e+02 1.200000000000000000e+01 9.800613521724057531e-01
4.600000000000000000e+02 1.200000000000000000e+01 9.783165215594891162e-01
4.800000000000000000e+02 1.200000000000000000e+01 9.762755652293177988e-01
5.000000000000000000e+02 1.200000000000000000e+01 9.747257619287306163e-01
5.200000000000000000e+02 1.200000000000000000e+01 9.735485836983877039e-01
5.400000000000000000e+02 1.200000000000000000e+01 9.715795480420001962e-01
5.600000000000000000e+02 1.200000000000000000e+01 9.696396544650782712e-01
5.800000000000000000e+02 1.200000000000000000e+01 9.712899741949333476e-01
6.000000000000000000e+02 1.200000000000000000e+01 9.724057874756755204e-01
6.200000000000000000e+02 1.200000000000000000e+01 9.681134255048582382e-01
6.400000000000000000e+02 1.200000000000000000e+01 9.666892785439794578e-01
6.600000000000000000e+02 1.200000000000000000e+01 9.663984917953363230e-01
6.800000000000000000e+02 1.200000000000000000e+01 9.623561726929310556e-01
7.000000000000000000e+02 1.200000000000000000e+01 9.635732845962228232e-01
7.200000000000000000e+02 1.200000000000000000e+01 9.652086941581765611e-01
7.400000000000000000e+02 1.200000000000000000e+01 9.556815421999335092e-01
7.600000000000000000e+02 1.200000000000000000e+01 9.545969124981541487e-01
7.800000000000000000e+02 1.200000000000000000e+01 9.625088650174143945e-01
8.000000000000000000e+02 1.200000000000000000e+01 9.434993507915266919e-01
2.000000000000000000e+01 1.800000000000000000e+01 9.997941570462794969e-01
4.000000000000000000e+01 1.800000000000000000e+01 9.996165390323398237e-01
6.000000000000000000e+01 1.800000000000000000e+01 9.995527396760373051e-01
8.000000000000000000e+01 1.800000000000000000e+01 9.995165333207902680e-01
1.000000000000000000e+02 1.800000000000000000e+01 9.994292828432976838e-01
1.200000000000000000e+02 1.800000000000000000e+01 9.992928429571639182e-01
1.400000000000000000e+02 1.800000000000000000e+01 9.992103532594656112e-01
1.600000000000000000e+02 1.800000000000000000e+01 9.989191381121065305e-01
1.800000000000000000e+02 1.800000000000000000e+01 9.979328486199245951e-01
2.000000000000000000e+02 1.800000000000000000e+01 9.966517623537263226e-01
2.200000000000000000e+02 1.800000000000000000e+01 9.956827957679906804e-01
2.400000000000000000e+02 1.800000000000000000e+01 9.948170024474968232e-01
2.600000000000000000e+02 1.800000000000000000e+01 9.936410359516794077e-01
2.800000000000000000e+02 1.800000000000000000e+01 9.924892437501884324e-01
3.000000000000000000e+02 1.800000000000000000e+01 9.913367642434660620e-01
3.200000000000000000e+02 1.800000000000000000e+01 9.898656230098136222e-01
3.400000000000000000e+02 1.800000000000000000e+01 9.884256127731405606e-01
3.600000000000000000e+02 1.800000000000000000e+01 9.869228164254865154e-01
3.800000000000000000e+02 1.800000000000000000e+01 9.853007781040391544e-01
4.000000000000000000e+02 1.800000000000000000e+01 9.837943097625226896e-01
4.200000000000000000e+02 1.800000000000000000e+01 9.825315476912849233e-01
4.400000000000000000e+02 1.800000000000000000e+01 9.813682522927347218e-01
4.600000000000000000e+02 1.800000000000000000e+01 9.797778908050305269e-01
4.800000000000000000e+02 1.800000000000000000e+01 9.785180779879266710e-01
5.000000000000000000e+02 1.800000000000000000e+01 9.777903870239259554e-01
5.200000000000000000e+02 1.800000000000000000e+01 9.773753876454333023e-01
5.400000000000000000e+02 1.800000000000000000e+01 9.784668256517219387e-01
5.600000000000000000e+02 1.800000000000000000e+01 9.772429272095046748e-01
5.800000000000000000e+02 1.800000000000000000e+01 9.782830451094346458e-01
6.000000000000000000e+02 1.800000000000000000e+01 9.791964425202384081e-01
6.200000000000000000e+02 1.800000000000000000e+01 9.765314864518868099e-01
6.400000000000000000e+02 1.800000000000000000e+01 9.766012401150807598e-01
6.600000000000000000e+02 1.800000000000000000e+01 9.764619704391910293e-01
6.800000000000000000e+02 1.800000000000000000e+01 9.745981226058985092e-01
7.000000000000000000e+02 1.800000000000000000e+01 9.783249168326473288e-01
7.200000000000000000e+02 1.800000000000000000e+01 9.805466305690874185e-01
7.400000000000000000e+02 1.800000000000000000e+01 9.709233843254848617e-01
7.600000000000000000e+02 1.800000000000000000e+01 9.691105491261264859e-01
7.800000000000000000e+02 1.800000000000000000e+01 9.717763642907075727e-01
8.000000000000000000e+02 1.800000000000000000e+01 9.440599337387095558e-01
2.000000000000000000e+01 2.400000000000000000e+01 9.998190492137064567e-01
4.000000000000000000e+01 2.400000000000000000e+01 9.996519761741746724e-01
6.000000000000000000e+01 2.400000000000000000e+01 9.995926796137517556e-01
8.000000000000000000e+01 2.400000000000000000e+01 9.995653865344845679e-01
1.000000000000000000e+02 2.400000000000000000e+01 9.995077911565231066e-01
1.200000000000000000e+02 2.400000000000000000e+01 9.993727164300603150e-01
1.400000000000000000e+02 2.400000000000000000e+01 9.993233352442308925e-01
1.600000000000000000e+02 2.400000000000000000e+01 9.990860351318402444e-01
1.800000000000000000e+02 2.400000000000000000e+01 9.982081390883235095e-01
2.000000000000000000e+02 2.400000000000000000e+01 9.969734718136350482e-01
2.200000000000000000e+02 2.400000000000000000e+01 9.959902481661856433e-01
2.400000000000000000e+02 2.400000000000000000e+01 9.950688868757787686e-01
2.600000000000000000e+02 2.400000000000000000e+01 9.938513996270508244e-01
2.800000000000000000e+02 2.400000000000000000e+01 9.928256120568081933e-01
3.000000000000000000e+02 2.400000000000000000e+01 9.919547843294792555e-01
3.200000000000000000e+02 2.400000000000000000e+01 9.906991475504518530e-01
3.400000000000000000e+02 2.400000000000000000e+01 9.892607731970272100e-01
3.600000000000000000e+02 2.400000000000000000e+01 9.877418447215317032e-01
3.800000000000000000e+02 2.400000000000000000e+01 9.862677011341914879e-01
4.000000000000000000e+02 2.400000000000000000e+01 9.849162846981408537e-01
4.200000000000000000e+02 2.400000000000000000e+01 9.839027010533405448e-01
4.400000000000000000e+02 2.400000000000000000e+01 9.829166977716300435e-01
4.600000000000000000e+02 2.400000000000000000e+01 9.812471681824445069e-01
4.800000000000000000e+02 2.400000000000000000e+01 9.807923257162578512e-01
5.000000000000000000e+02 2.400000000000000000e+01 9.808256769122418728e-01
5.200000000000000000e+02 2.400000000000000000e+01 9.808376008040360361e-01
5.400000000000000000e+02 2.400000000000000000e+01 9.842546205475048993e-01
5.600000000000000000e+02 2.400000000000000000e+01 9.841972464812421828e-01
5.800000000000000000e+02 2.400000000000000000e+01 9.849267522250797491e-01
6.000000000000000000e+02 2.400000000000000000e+01 9.856611482330368545e-01
6.200000000000000000e+02 2.400000000000000000e+01 9.847549918547735537e-01
6.400000000000000000e+02 2.400000000000000000e+01 9.854230113828601478e-01
6.600000000000000000e+02 2.400000000000000000e+01 9.852206825897523723e-01
6.800000000000000000e+02 2.400000000000000000e+01 9.850527450544777075e-01
7.000000000000000000e+02 2.400000000000000000e+01 9.893356640542048108e-01
7.200000000000000000e+02 2.400000000000000000e+01 9.920101391070933472e-01
7.400000000000000000e+02 2.400000000000000000e+01 9.824848227294080694e-01
7.600000000000000000e+02 2.400000000000000000e+01 9.801650414128623146e-01
7.800000000000000000e+02 2.400000000000000000e+01 9.791854335380302254e-01
8.000000000000000000e+02 2.400000000000000000e+01 9.438970997952792485e-01
2.000000000000000000e+01 3.000000000000000000e+01 9.998426044391914846e-01
4.000000000000000000e+01 3.000000000000000000e+01 9.996865028616598314e-01
6.000000000000000000e+01 3.000000000000000000e+01 9.996312945397098915e-01
8.000000000000000000e+01 3.000000000000000000e+01 9.996119717655551629e-01
1.000000000000000000e+02 3.000000000000000000e+01 9.995854017175563877e-01
1.200000000000000000e+02 3.000000000000000000e+01 9.994489854303878484e-01
1.400000000000000000e+02 3.000000000000000000e+01 9.994273972322891275e-01
1.600000000000000000e+02 3.000000000000000000e+01 9.992364538662414919e-01
1.800000000000000000e+02 3.000000000000000000e+01 9.984640669638097377e-01
2.000000000000000000e+02 3.000000000000000000e+01 9.972902238836459654e-01
2.200000000000000000e+02 3.000000000000000000e+01 9.963173213472031886e-01
2.400000000000000000e+02 3.000000000000000000e+01 9.953468997183738676e-01
2.600000000000000000e+02 3.000000000000000000e+01 9.941286801861847211e-01
2.800000000000000000e+02 3.000000000000000000e+01 9.932379030395284136e-01
3.000000000000000000e+02 3.000000000000000000e+01 9.926139561502443920e-01
3.200000000000000000e+02 3.000000000000000000e+01 9.915066244075649848e-01
3.400000000000000000e+02 3.000000000000000000e+01 9.901167109959766455e-01
3.600000000000000000e+02 3.000000000000000000e+01 9.886787026863121941e-01
3.800000000000000000e+02 3.000000000000000000e+01 9.873444174212478996e-01
4.000000000000000000e+02 3.000000000000000000e+01 9.861089967868175155e-01
4.200000000000000000e+02 3.000000000000000000e+01 9.854376285454256035e-01
4.400000000000000000e+02 3.000000000000000000e+01 9.846117843998326569e-01
4.600000000000000000e+02 3.000000000000000000e+01 9.827657653421340012e-01
4.800000000000000000e+02 3.000000000000000000e+01 9.830644971040807256e-01
5.000000000000000000e+02 3.000000000000000000e+01 9.838059511191579176e-01
5.200000000000000000e+02 3.000000000000000000e+01 9.840446685342565392e-01
5.400000000000000000e+02 3.000000000000000000e+01 9.883660736376597145e-01
5.600000000000000000e+02 3.000000000000000000e+01 9.903806744198322409e-01
5.800000000000000000e+02 3.000000000000000000e+01 9.909478843327153008e-01
6.000000000000000000e+02 3.000000000000000000e+01 9.914624115336299059e-01
6.200000000000000000e+02 3.000000000000000000e+01 9.914618402514530082e-01
6.400000000000000000e+02 3.000000000000000000e+01 9.921947854930739386e-01
6.600000000000000000e+02 3.000000000000000000e+01 9.926092640968864345e-01
6.800000000000000000e+02 3.000000000000000000e+01 9.932598024374673651e-01
7.000000000000000000e+02 3.000000000000000000e+01 9.972833821450397540e-01
7.200000000000000000e+02 3.000000000000000000e+01 1.000535485484697285e+00
7.400000000000000000e+02 3.000000000000000000e+01 9.911621077802004187e-01
7.600000000000000000e+02 3.000000000000000000e+01 9.891174744505647487e-01
7.800000000000000000e+02 3.000000000000000000e+01 9.851662778770435835e-01
8.000000000000000000e+02 3.000000000000000000e+01 9.440567533602977068e-01
2.000000000000000000e+01 3.600000000000000000e+01 9.998648344421985357e-01
4.000000000000000000e+01 3.600000000000000000e+01 9.997200955828682289e-01
6.000000000000000000e+01 3.600000000000000000e+01 9.996687218102555672e-01
8.000000000000000000e+01 3.600000000000000000e+01 9.996564255923990894e-01
1.000000000000000000e+02 3.600000000000000000e+01 9.996614727213082308e-01
1.200000000000000000e+02 3.600000000000000000e+01 9.995214095284543632e-01
1.400000000000000000e+02 3.600000000000000000e+01 9.995195960159755089e-01
1.600000000000000000e+02 3.600000000000000000e+01 9.993741543183199960e-01
1.800000000000000000e+02 3.600000000000000000e+01 9.987394432433586156e-01
2.000000000000000000e+02 3.600000000000000000e+01 9.976012075272235879e-01
2.200000000000000000e+02 3.600000000000000000e+01 9.966630184605578258e-01
2.400000000000000000e+02 3.600000000000000000e+01 9.956536963452430333e-01
2.600000000000000000e+02 3.600000000000000000e+01 9.944834432260470924e-01
2.800000000000000000e+02 3.600000000000000000e+01 9.937950388704801519e-01
3.000000000000000000e+02 3.600000000000000000e+01 9.934116026779306052e-01
3.200000000000000000e+02 3.600000000000000000e+01 9.923946889848446196e-01
3.400000000000000000e+02 3.600000000000000000e+01 9.910617717689312878e-01
3.600000000000000000e+02 3.600000000000000000e+01 9.896738247617523632e-01
3.800000000000000000e+02 3.600000000000000000e+01 9.885000293040072661e-01
4.000000000000000000e+02 3.600000000000000000e+01 9.871819831657119293e-01
4.200000000000000000e+02 3.600000000000000000e+01 9.870844040422516175e-01
4.400000000000000000e+02 3.600000000000000000e+01 9.864015860520540802e-01
4.600000000000000000e+02 3.600000000000000000e+01 9.843132515802813787e-01
4.800000000000000000e+02 3.600000000000000000e+01 9.853089116768773970e-01
5.000000000000000000e+02 3.600000000000000000e+01 9.866714535549173659e-01
5.200000000000000000e+02 3.600000000000000000e+01 9.870196459053172111e-01
5.400000000000000000e+02 3.600000000000000000e+01 9.928800950346183818e-01
5.600000000000000000e+02 3.600000000000000000e+01 9.956712731648139636e-01
5.800000000000000000e+02 3.600000000000000000e+01 9.963244087053373388e-01
6.000000000000000000e+02 3.600000000000000000e+01 9.964759417330114610e-01
6.200000000000000000e+02 3.600000000000000000e+01 9.967099736516400466e-01
6.400000000000000000e+02 3.600000000000000000e+01 9.976197880508843596e-01
6.600000000000000000e+02 3.600000000000000000e+01 9.988010206516457767e-01
6.800000000000000000e+02 3.600000000000000000e+01 9.995973221238654283e-01
7.000000000000000000e+02 3.600000000000000000e+01 1.003735359355971024e+00
7.200000000000000000e+02 3.600000000000000000e+01 1.007159346861480342e+00
7.400000000000000000e+02 3.600000000000000000e+01 9.981637398154195040e-01
7.600000000000000000e+02 3.600000000000000000e+01 9.964003463223312096e-01
7.800000000000000000e+02 3.600000000000000000e+01 9.900785283198200171e-01
8.000000000000000000e+02 3.600000000000000000e+01 9.448271138123014445e-01
2.000000000000000000e+01 4.200000000000000000e+01 9.998857509421902323e-01
4.000000000000000000e+01 4.200000000000000000e+01 9.997527308258740142e-01
6.000000000000000000e+01 4.200000000000000000e+01 9.997050987817330814e-01
8.000000000000000000e+01 4.200000000000000000e+01 9.996988845934129397e-01
1.000000000000000000e+02 4.200000000000000000e+01 9.997353623626856756e-01
1.200000000000000000e+02 4.200000000000000000e+01 9.995897482945641510e-01
1.400000000000000000e+02 4.200000000000000000e+01 9.996007635865398200e-01
1.600000000000000000e+02 4.200000000000000000e+01 9.995083700911445712e-01
1.800000000000000000e+02 4.200000000000000000e+01 9.990144484343849163e-01
2.000000000000000000e+02 4.200000000000000000e+01 9.979056117078286547e-01
2.200000000000000000e+02 4.200000000000000000e+01 9.970076971341510497e-01
2.400000000000000000e+02 4.200000000000000000e+01 9.959967923701110726e-01
2.600000000000000000e+02 4.200000000000000000e+01 9.949093959387964592e-01
2.800000000000000000e+02 4.200000000000000000e+01 9.944726561861234604e-01
3.000000000000000000e+02 4.200000000000000000e+01 9.942179981943886080e-01
3.200000000000000000e+02 4.200000000000000000e+01 9.933417978393626058e-01
3.400000000000000000e+02 4.200000000000000000e+01 9.920599874889594050e-01
3.600000000000000000e+02 4.200000000000000000e+01 9.906912190955710074e-01
3.800000000000000000e+02 4.200000000000000000e+01 9.897017384768882486e-01
4.000000000000000000e+02 4.200000000000000000e+01 9.882353492468959333e-01
4.200000000000000000e+02 4.200000000000000000e+01 9.887911014185297720e-01
4.400000000000000000e+02 4.200000000000000000e+01 9.882260291053575063e-01
4.600000000000000000e+02 4.200000000000000000e+01 9.858698212274681349e-01
4.800000000000000000e+02 4.200000000000000000e+01 9.874998889601270813e-01
5.000000000000000000e+02 4.200000000000000000e+01 9.892953202093630605e-01
5.200000000000000000e+02 4.200000000000000000e+01 9.897548290142171856e-01
5.400000000000000000e+02 4.200000000000000000e+01 9.961978531984464480e-01
5.600000000000000000e+02 4.200000000000000000e+01 9.999410104698831514e-01
5.800000000000000000e+02 4.200000000000000000e+01 1.000573906424875315e+00
6.000000000000000000e+02 4.200000000000000000e+01 1.000688232339062456e+00
6.200000000000000000e+02 4.200000000000000000e+01 1.000894558583844018e+00
6.400000000000000000e+02 4.200000000000000000e+01 1.001971934015410515e+00
6.600000000000000000e+02 4.200000000000000000e+01 1.003822693419898826e+00
6.800000000000000000e+02 4.200000000000000000e+01 1.004511142177813454e+00
7.000000000000000000e+02 4.200000000000000000e+01 1.009142877732449373e+00
7.200000000000000000e+02 4.200000000000000000e+01 1.012119805598792777e+00
7.400000000000000000e+02 4.200000000000000000e+01 1.003939676169748330e+00
7.600000000000000000e+02 4.200000000000000000e+01 1.002180996830360771e+00
7.800000000000000000e+02 4.200000000000000000e+01 9.939632391875919959e-01
8.000000000000000000e+02 4.200000000000000000e+01 9.462479232879258406e-01
2.000000000000000000e+01 4.800000000000000000e+01 9.999053587352405570e-01
4.000000000000000000e+01 4.800000000000000000e+01 9.997843850787495601e-01
6.000000000000000000e+01 4.800000000000000000e+01 9.997406410292946077e-01
8.000000000000000000e+01 4.800000000000000000e+01 9.997394853469933063e-01
1.000000000000000000e+02 4.800000000000000000e+01 9.998060794276901753e-01
1.200000000000000000e+02 4.800000000000000000e+01 9.996537612990252786e-01
1.400000000000000000e+02 4.800000000000000000e+01 9.996717319352323994e-01
1.600000000000000000e+02 4.800000000000000000e+01 9.996394181099380605e-01
1.800000000000000000e+02 4.800000000000000000e+01 9.992482768719269659e-01
2.000000000000000000e+02 4.800000000000000000e+01 9.982026253889233480e-01
2.200000000000000000e+02 4.800000000000000000e+01 9.973463884778571709e-01
2.400000000000000000e+02 4.800000000000000000e+01 9.963951701929812943e-01
2.600000000000000000e+02 4.800000000000000000e+01 9.953556597335727618e-01
2.800000000000000000e+02 4.800000000000000000e+01 9.952302029563591113e-01
3.000000000000000000e+02 4.800000000000000000e+01 9.949107230216883702e-01
3.200000000000000000e+02 4.800000000000000000e+01 9.943138128503996587e-01
3.400000000000000000e+02 4.800000000000000000e+01 9.929959931281336916e-01
3.600000000000000000e+02 4.800000000000000000e+01 9.917159818560831175e-01
3.800000000000000000e+02 4.800000000000000000e+01 9.909167466343069552e-01
4.000000000000000000e+02 4.800000000000000000e+01 9.893820485909897711e-01
4.200000000000000000e+02 4.800000000000000000e+01 9.904953998331701426e-01
4.400000000000000000e+02 4.800000000000000000e+01 9.899045332845931577e-01
4.600000000000000000e+02 4.800000000000000000e+01 9.874156686142776529e-01
4.800000000000000000e+02 4.800000000000000000e+01 9.896117484793101049e-01
5.000000000000000000e+02 4.800000000000000000e+01 9.916402384560742966e-01
5.200000000000000000e+02 4.800000000000000000e+01 9.922425139579537090e-01
5.400000000000000000e+02 4.800000000000000000e+01 9.990994317299251026e-01
5.600000000000000000e+02 4.800000000000000000e+01 1.003238114738764342e+00
5.800000000000000000e+02 4.800000000000000000e+01 1.003857567755486846e+00
6.000000000000000000e+02 4.800000000000000000e+01 1.004199705421488842e+00
6.200000000000000000e+02 4.800000000000000000e+01 1.004246225311955065e+00
6.400000000000000000e+02 4.800000000000000000e+01 1.005529300900227518e+00
6.600000000000000000e+02 4.800000000000000000e+01 1.007745407226729562e+00
6.800000000000000000e+02 4.800000000000000000e+01 1.008252496244982588e+00
7.000000000000000000e+02 4.800000000000000000e+01 1.013593966051002049e+00
7.200000000000000000e+02 4.800000000000000000e+01 1.015592992033824249e+00
7.400000000000000000e+02 4.800000000000000000e+01 1.008655256376250309e+00
7.600000000000000000e+02 4.800000000000000000e+01 1.006626765776851062e+00
7.800000000000000000e+02 4.800000000000000000e+01 9.968459170685157744e-01
8.000000000000000000e+02 4.800000000000000000e+01 9.483589239238053858e-01
2.000000000000000000e+01 5.400000000000000000e+01 9.999235984092726959e-01
4.000000000000000000e+01 5.400000000000000000e+01 9.998150348295694601e-01
6.000000000000000000e+01 5.400000000000000000e+01 9.997760000748665554e-01
8.000000000000000000e+01 5.400000000000000000e+01 9.997783644315367813e-01
1.000000000000000000e+02 5.400000000000000000e+01 9.998709740960265435e-01
1.200000000000000000e+02 5.400000000000000000e+01 9.997132081121428149e-01
1.400000000000000000e+02 5.400000000000000000e+01 9.997333330533028084e-01
1.600000000000000000e+02 5.400000000000000000e+01 9.997553051718895967e-01
1.800000000000000000e+02 5.400000000000000000e+01 9.994443593846957796e-01
2.000000000000000000e+02 5.400000000000000000e+01 9.984914375339705161e-01
2.200000000000000000e+02 5.400000000000000000e+01 9.976921281254911289e-01
2.400000000000000000e+02 5.400000000000000000e+01 9.968598733107477683e-01
2.600000000000000000e+02 5.400000000000000000e+01 9.958678102914183539e-01
2.800000000000000000e+02 5.400000000000000000e+01 9.960317940239368228e-01
3.000000000000000000e+02 5.400000000000000000e+01 9.956094780045797732e-01
3.200000000000000000e+02 5.400000000000000000e+01 9.952752397104190907e-01
3.400000000000000000e+02 5.400000000000000000e+01 9.938034894639345973e-01
3.600000000000000000e+02 5.400000000000000000e+01 9.927332092116041284e-01
3.800000000000000000e+02 5.400000000000000000e+01 9.921056570297535071e-01
4.000000000000000000e+02 5.400000000000000000e+01 9.905886992741352870e-01
4.200000000000000000e+02 5.400000000000000000e+01 9.921406047466634348e-01
4.400000000000000000e+02 5.400000000000000000e+01 9.913546903998423643e-01
4.600000000000000000e+02 5.400000000000000000e+01 9.889309880712914280e-01
4.800000000000000000e+02 5.400000000000000000e+01 9.916188097599079043e-01
5.000000000000000000e+02 5.400000000000000000e+01 9.936800800871739003e-01
5.200000000000000000e+02 5.400000000000000000e+01 9.944749968335265811e-01
5.400000000000000000e+02 5.400000000000000000e+01 1.001599223136968586e+00
5.600000000000000000e+02 5.400000000000000000e+01 1.005893445578457834e+00
5.800000000000000000e+02 5.400000000000000000e+01 1.006426509292264182e+00
6.000000000000000000e+02 5.400000000000000000e+01 1.007050133752355414e+00
6.200000000000000000e+02 5.400000000000000000e+01 1.006882285462211701e+00
6.400000000000000000e+02 5.400000000000000000e+01 1.008372619735550257e+00
6.600000000000000000e+02 5.400000000000000000e+01 1.010639969437557184e+00
6.800000000000000000e+02 5.400000000000000000e+01 1.010942013415145446e+00
7.000000000000000000e+02 5.400000000000000000e+01 1.016507239556875275e+00
7.200000000000000000e+02 5.400000000000000000e+01 1.017755036503765087e+00
7.400000000000000000e+02 5.400000000000000000e+01 1.012474885946765824e+00
7.600000000000000000e+02 5.400000000000000000e+01 1.009812347136139987e+00
7.800000000000000000e+02 5.400000000000000000e+01 9.987434352301778340e-01
8.000000000000000000e+02 5.400000000000000000e+01 9.511998578565747930e-01
2.000000000000000000e+01 6.000000000000000000e+01 9.999403991383956081e-01
4.000000000000000000e+01 6.000000000000000000e+01 9.998446565664068642e-01
6.000000000000000000e+01 6.000000000000000000e+01 9.998115061172528906e-01
8.000000000000000000e+01 6.000000000000000000e+01 9.998156584254405121e-01
1.000000000000000000e+02 6.000000000000000000e+01 9.999292811625807298e-01
1.200000000000000000e+02 6.000000000000000000e+01 9.997678483042243824e-01
1.400000000000000000e+02 6.000000000000000000e+01 9.997863989320004974e-01
1.600000000000000000e+02 6.000000000000000000e+01 9.998565386066391447e-01
1.800000000000000000e+02 6.000000000000000000e+01 9.996095507984511519e-01
2.000000000000000000e+02 6.000000000000000000e+01 9.987702047414117601e-01
2.200000000000000000e+02 6.000000000000000000e+01 9.980680373659052140e-01
2.400000000000000000e+02 6.000000000000000000e+01 9.973585213769962099e-01
2.600000000000000000e+02 6.000000000000000000e+01 9.964304251898014053e-01
2.800000000000000000e+02 6.000000000000000000e+01 9.968415442316048702e-01
3.000000000000000000e+02 6.000000000000000000e+01 9.963130517254654706e-01
3.200000000000000000e+02 6.000000000000000000e+01 9.961876502728770344e-01
3.400000000000000000e+02 6.000000000000000000e+01 9.944685923155104357e-01
3.600000000000000000e+02 6.000000000000000000e+01 9.937279973304495861e-01
3.800000000000000000e+02 6.000000000000000000e+01 9.932040916087727656e-01
4.000000000000000000e+02 6.000000000000000000e+01 9.918204690328458195e-01
4.200000000000000000e+02 6.000000000000000000e+01 9.937015188861396675e-01
4.400000000000000000e+02 6.000000000000000000e+01 9.925427739308089192e-01
4.600000000000000000e+02 6.000000000000000000e+01 9.903959739290920661e-01
4.800000000000000000e+02 6.000000000000000000e+01 9.934958135230455012e-01
5.000000000000000000e+02 6.000000000000000000e+01 9.954915909602107815e-01
5.200000000000000000e+02 6.000000000000000000e+01 9.964445737379326040e-01
5.400000000000000000e+02 6.000000000000000000e+01 1.003711619927489362e+00
5.600000000000000000e+02 6.000000000000000000e+01 1.007733396336309317e+00
5.800000000000000000e+02 6.000000000000000000e+01 1.008354714416645814e+00
6.000000000000000000e+02 6.000000000000000000e+01 1.009267254415303183e+00
6.200000000000000000e+02 6.000000000000000000e+01 1.008864915325756506e+00
6.400000000000000000e+02 6.000000000000000000e+01 1.010570603762399600e+00
6.600000000000000000e+02 6.000000000000000000e+01 1.012575505222690575e+00
6.800000000000000000e+02 6.000000000000000000e+01 1.012700322778075979e+00
7.000000000000000000e+02 6.000000000000000000e+01 1.017864903164610979e+00
7.200000000000000000e+02 6.000000000000000000e+01 1.018739747990618172e+00
7.400000000000000000e+02 6.000000000000000000e+01 1.014912774441675936e+00
7.600000000000000000e+02 6.000000000000000000e+01 1.011409684088521832e+00
7.800000000000000000e+02 6.000000000000000000e+01 9.994175905366419199e-01
8.000000000000000000e+02 6.000000000000000000e+01 9.548100530091176985e-01
2.000000000000000000e+01 6.600000000000000000e+01 9.999556937321998351e-01
4.000000000000000000e+01 6.600000000000000000e+01 9.998732267773352556e-01
6.000000000000000000e+01 6.600000000000000000e+01 9.998474161200865407e-01
8.000000000000000000e+01 6.600000000000000000e+01 9.998515039071007582e-01
1.000000000000000000e+02 6.600000000000000000e+01 9.999805946576205695e-01
1.200000000000000000e+02 6.600000000000000000e+01 9.998174414455756054e-01
1.400000000000000000e+02 6.600000000000000000e+01 9.998317615625771371e-01
1.600000000000000000e+02 6.600000000000000000e+01 9.999439504054382644e-01
1.800000000000000000e+02 6.600000000000000000e+01 9.997622285001266373e-01
2.000000000000000000e+02 6.600000000000000000e+01 9.990428706603521336e-01
2.200000000000000000e+02 6.600000000000000000e+01 9.984031564749742405e-01
2.400000000000000000e+02 6.600000000000000000e+01 9.978577837057791555e-01
2.600000000000000000e+02 6.600000000000000000e+01 9.970243617799947611e-01
2.800000000000000000e+02 6.600000000000000000e+01 9.976181223127631448e-01
3.000000000000000000e+02 6.600000000000000000e+01 9.970042147477078398e-01
3.200000000000000000e+02 6.600000000000000000e+01 9.970335016573379505e-01
3.400000000000000000e+02 6.600000000000000000e+01 9.951075277539775943e-01
3.600000000000000000e+02 6.600000000000000000e+01 9.946854423809351475e-01
3.800000000000000000e+02 6.600000000000000000e+01 9.941859780146401482e-01
4.000000000000000000e+02 6.600000000000000000e+01 9.930411527821867423e-01
4.200000000000000000e+02 6.600000000000000000e+01 9.951535790457244346e-01
4.400000000000000000e+02 6.600000000000000000e+01 9.934350573571972820e-01
4.600000000000000000e+02 6.600000000000000000e+01 9.917908205182623949e-01
4.800000000000000000e+02 6.600000000000000000e+01 9.952170188785969263e-01
5.000000000000000000e+02 6.600000000000000000e+01 9.970996572221650922e-01
5.200000000000000000e+02 6.600000000000000000e+01 9.981435407681709115e-01
5.400000000000000000e+02 6.600000000000000000e+01 1.005451014609401117e+00
5.600000000000000000e+02 6.600000000000000000e+01 1.008667199273478587e+00
5.800000000000000000e+02 6.600000000000000000e+01 1.009678020221115524e+00
6.000000000000000000e+02 6.600000000000000000e+01 1.010857788578077621e+00
6.200000000000000000e+02 6.600000000000000000e+01 1.010256291193734945e+00
6.400000000000000000e+02 6.600000000000000000e+01 1.012016927171027536e+00
6.600000000000000000e+02 6.600000000000000000e+01 1.013621321589903923e+00
6.800000000000000000e+02 6.600000000000000000e+01 1.013648053423547690e+00
7.000000000000000000e+02 6.600000000000000000e+01 1.017813035109506936e+00
7.200000000000000000e+02 6.600000000000000000e+01 1.018488819172918669e+00
7.400000000000000000e+02 6.600000000000000000e+01 1.015591644568639484e+00
7.600000000000000000e+02 6.600000000000000000e+01 1.011544125999910726e+00
7.800000000000000000e+02 6.600000000000000000e+01 9.988968973955499875e-01
8.000000000000000000e+02 6.600000000000000000e+01 9.591397965265605619e-01
2.000000000000000000e+01 7.200000000000000000e+01 9.999694150002741422e-01
4.000000000000000000e+01 7.200000000000000000e+01 9.999007219504280064e-01
6.000000000000000000e+01 7.200000000000000000e+01 9.998839870469997670e-01
8.000000000000000000e+01 7.200000000000000000e+01 9.998860374549144447e-01
1.000000000000000000e+02 7.200000000000000000e+01 1.000024508611414342e+00
1.200000000000000000e+02 7.200000000000000000e+01 9.998617471065031070e-01
1.400000000000000000e+02 7.200000000000000000e+01 9.998702870529638798e-01
1.600000000000000000e+02 7.200000000000000000e+01 1.000018372559535740e+00
1.800000000000000000e+02 7.200000000000000000e+01 9.999017718028522239e-01
2.000000000000000000e+02 7.200000000000000000e+01 9.992967822350217189e-01
2.200000000000000000e+02 7.200000000000000000e+01 9.987462910310949127e-01
2.400000000000000000e+02 7.200000000000000000e+01 9.983288889388961529e-01
2.600000000000000000e+02 7.200000000000000000e+01 9.976305760667805167e-01
2.800000000000000000e+02 7.200000000000000000e+01 9.983223297806415042e-01
3.000000000000000000e+02 7.200000000000000000e+01 9.976661714323301622e-01
3.200000000000000000e+02 7.200000000000000000e+01 9.977988186564485940e-01
3.400000000000000000e+02 7.200000000000000000e+01 9.957660601256407285e-01
3.600000000000000000e+02 7.200000000000000000e+01 9.955906405313755814e-01
3.800000000000000000e+02 7.200000000000000000e+01 9.950313369086305482e-01
4.000000000000000000e+02 7.200000000000000000e+01 9.942251487498648954e-01
4.200000000000000000e+02 7.200000000000000000e+01 9.964722220195442182e-01
4.400000000000000000e+02 7.200000000000000000e+01 9.941749114615399119e-01
4.600000000000000000e+02 7.200000000000000000e+01 9.930957221693846870e-01
4.800000000000000000e+02 7.200000000000000000e+01 9.967517363900579852e-01
5.000000000000000000e+02 7.200000000000000000e+01 9.984897100457797992e-01
5.200000000000000000e+02 7.200000000000000000e+01 9.995641940212388610e-01
5.400000000000000000e+02 7.200000000000000000e+01 1.006820372707595723e+00
5.600000000000000000e+02 7.200000000000000000e+01 1.008550850478710181e+00
5.800000000000000000e+02 7.200000000000000000e+01 1.010483053948299403e+00
6.000000000000000000e+02 7.200000000000000000e+01 1.011873015444603396e+00
6.200000000000000000e+02 7.200000000000000000e+01 1.011118589357291597e+00
6.400000000000000000e+02 7.200000000000000000e+01 1.012617910897149587e+00
6.600000000000000000e+02 7.200000000000000000e+01 1.013912157697000271e+00
6.800000000000000000e+02 7.200000000000000000e+01 1.013905834441332976e+00
7.000000000000000000e+02 7.200000000000000000e+01 1.016497713626862698e+00
7.200000000000000000e+02 7.200000000000000000e+01 1.017150396377133115e+00
7.400000000000000000e+02 7.200000000000000000e+01 1.014700661141737292e+00
7.600000000000000000e+02 7.200000000000000000e+01 1.010420137990109657e+00
7.800000000000000000e+02 7.200000000000000000e+01 9.973802077702123015e-01
8.000000000000000000e+02 7.200000000000000000e+01 9.640768332099219906e-01
2.000000000000000000e+01 7.800000000000000000e+01 9.999814957522075165e-01
4.000000000000000000e+01 7.800000000000000000e+01 9.999271185737585999e-01
6.000000000000000000e+01 7.800000000000000000e+01 9.999214758616260523e-01
8.000000000000000000e+01 7.800000000000000000e+01 9.999193956472779421e-01
1.000000000000000000e+02 7.800000000000000000e+01 1.000060617054230327e+00
1.200000000000000000e+02 7.800000000000000000e+01 9.999005248573128446e-01
1.400000000000000000e+02 7.800000000000000000e+01 9.999033755358937015e-01
1.600000000000000000e+02 7.800000000000000000e+01 1.000080637060181576e+00
1.800000000000000000e+02 7.800000000000000000e+01 1.000023039064296793e+00
2.000000000000000000e+02 7.800000000000000000e+01 9.995290546012098876e-01
2.200000000000000000e+02 7.800000000000000000e+01 9.990883996052892790e-01
2.400000000000000000e+02 7.800000000000000000e+01 9.987546910003486378e-01
2.600000000000000000e+02 7.800000000000000000e+01 9.982300240549396575e-01
2.800000000000000000e+02 7.800000000000000000e+01 9.989225300295666576e-01
3.000000000000000000e+02 7.800000000000000000e+01 9.982846058801021494e-01
3.200000000000000000e+02 7.800000000000000000e+01 9.984696260628527220e-01
3.400000000000000000e+02 7.800000000000000000e+01 9.964265717814123624e-01
3.600000000000000000e+02 7.800000000000000000e+01 9.964286879500865446e-01
3.800000000000000000e+02 7.800000000000000000e+01 9.957201889520203020e-01
4.000000000000000000e+02 7.800000000000000000e+01 9.953478968902075286e-01
4.200000000000000000e+02 7.800000000000000000e+01 9.976328846017242791e-01
4.400000000000000000e+02 7.800000000000000000e+01 9.949221172477766828e-01
4.600000000000000000e+02 7.800000000000000000e+01 9.942908732130415483e-01
4.800000000000000000e+02 7.800000000000000000e+01 9.980687924429881841e-01
5.000000000000000000e+02 7.800000000000000000e+01 9.996471806037978691e-01
5.200000000000000000e+02 7.800000000000000000e+01 1.000698829594135919e+00
5.400000000000000000e+02 7.800000000000000000e+01 1.007787100944234515e+00
5.600000000000000000e+02 7.800000000000000000e+01 1.008432473253173312e+00
5.800000000000000000e+02 7.800000000000000000e+01 1.010883263041149949e+00
6.000000000000000000e+02 7.800000000000000000e+01 1.012512457329694193e+00
6.200000000000000000e+02 7.800000000000000000e+01 1.011513603459901267e+00
6.400000000000000000e+02 7.800000000000000000e+01 1.012613835037449173e+00
6.600000000000000000e+02 7.800000000000000000e+01 1.013686521198406743e+00
6.800000000000000000e+02 7.800000000000000000e+01 1.013594294921206007e+00
7.000000000000000000e+02 7.800000000000000000e+01 1.014393339744174005e+00
7.200000000000000000e+02 7.800000000000000000e+01 1.014910153686091165e+00
7.400000000000000000e+02 7.800000000000000000e+01 1.012429245468848382e+00
7.600000000000000000e+02 7.800000000000000000e+01 1.008242185178922945e+00
7.800000000000000000e+02 7.800000000000000000e+01 9.950663736239392376e-01
8.000000000000000000e+02 7.800000000000000000e+01 9.695394261554827198e-01
2.000000000000000000e+01 8.400000000000000000e+01 9.999918687975890563e-01
4.000000000000000000e+01 8.400000000000000000e+01 9.999523931354007411e-01
6.000000000000000000e+01 8.400000000000000000e+01 9.999601395275978799e-01
8.000000000000000000e+01 8.400000000000000000e+01 9.999517150625883977e-01
1.000000000000000000e+02 8.400000000000000000e+01 1.000088514016336916e+00
1.200000000000000000e+02 8.400000000000000000e+01 9.999335342683118855e-01
1.400000000000000000e+02 8.400000000000000000e+01 9.999312532524117225e-01
1.600000000000000000e+02 8.400000000000000000e+01 1.000131576252637933e+00
1.800000000000000000e+02 8.400000000000000000e+01 1.000128055568224816e+00
2.000000000000000000e+02 8.400000000000000000e+01 9.997363716244525023e-01
2.200000000000000000e+02 8.400000000000000000e+01 9.994175463517555036e-01
2.400000000000000000e+02 8.400000000000000000e+01 9.991195860387614980e-01
2.600000000000000000e+02 8.400000000000000000e+01 9.988036617492520586e-01
2.800000000000000000e+02 8.400000000000000000e+01 9.993870914159576069e-01
3.000000000000000000e+02 8.400000000000000000e+01 9.988455463990149052e-01
3.200000000000000000e+02 8.400000000000000000e+01 9.990312174332238726e-01
3.400000000000000000e+02 8.400000000000000000e+01 9.970714450722033551e-01
3.600000000000000000e+02 8.400000000000000000e+01 9.971846808053835831e-01
3.800000000000000000e+02 8.400000000000000000e+01 9.962370302590999316e-01
4.000000000000000000e+02 8.400000000000000000e+01 9.963848371575420027e-01
4.200000000000000000e+02 8.400000000000000000e+01 9.986110035863906553e-01
4.400000000000000000e+02 8.400000000000000000e+01 9.956524017084682487e-01
4.600000000000000000e+02 8.400000000000000000e+01 9.953564679798144743e-01
4.800000000000000000e+02 8.400000000000000000e+01 9.991370134229452526e-01
5.000000000000000000e+02 8.400000000000000000e+01 1.000557500068962824e+00
5.200000000000000000e+02 8.400000000000000000e+01 1.001539743583859554e+00
5.400000000000000000e+02 8.400000000000000000e+01 1.008318464995209718e+00
5.600000000000000000e+02 8.400000000000000000e+01 1.008393262203413077e+00
5.800000000000000000e+02 8.400000000000000000e+01 1.010889874463025695e+00
6.000000000000000000e+02 8.400000000000000000e+01 1.012806430689487280e+00
6.200000000000000000e+02 8.400000000000000000e+01 1.011513406117986014e+00
6.400000000000000000e+02 8.400000000000000000e+01 1.012398010332650200e+00
6.600000000000000000e+02 8.400000000000000000e+01 1.013185210653258173e+00
6.800000000000000000e+02 8.400000000000000000e+01 1.012771501831146503e+00
7.000000000000000000e+02 8.400000000000000000e+01 1.012265679741478852e+00
7.200000000000000000e+02 8.400000000000000000e+01 1.012013915254221574e+00
7.400000000000000000e+02 8.400000000000000000e+01 1.009662494312053349e+00
7.600000000000000000e+02 8.400000000000000000e+01 1.005233797332014012e+00
7.800000000000000000e+02 8.400000000000000000e+01 9.925881915475115447e-01
8.000000000000000000e+02 8.400000000000000000e+01 9.754458384595231513e-01
2.000000000000000000e+01 9.000000000000000000e+01 1.000000466946008082e+00
4.000000000000000000e+01 9.000000000000000000e+01 9.999765221234278023e-01
6.000000000000000000e+01 9.000000000000000000e+01 1.000000235008548399e+00
8.000000000000000000e+01 9.000000000000000000e+01 9.999831322792419597e-01
1.000000000000000000e+02 9.000000000000000000e+01 1.000107793528002276e+00
1.200000000000000000e+02 9.000000000000000000e+01 9.999605349098061868e-01
1.400000000000000000e+02 9.000000000000000000e+01 9.999536797728242332e-01
1.600000000000000000e+02 9.000000000000000000e+01 1.000173798880686693e+00
1.800000000000000000e+02 9.000000000000000000e+01 1.000223683196280300e+00
2.000000000000000000e+02 9.000000000000000000e+01 9.999004409211562638e-01
2.200000000000000000e+02 9.000000000000000000e+01 9.997216580472594316e-01
2.400000000000000000e+02 9.000000000000000000e+01 9.994466332156665134e-01
2.600000000000000000e+02 9.000000000000000000e+01 9.993324451544991494e-01
2.800000000000000000e+02 9.000000000000000000e+01 9.996944602496743437e-01
3.000000000000000000e+02 9.000000000000000000e+01 9.993350212970624202e-01
3.200000000000000000e+02 9.000000000000000000e+01 9.994659308689445298e-01
3.400000000000000000e+02 9.000000000000000000e+01 9.976830623489254535e-01
3.600000000000000000e+02 9.000000000000000000e+01 9.978437152655821318e-01
3.800000000000000000e+02 9.000000000000000000e+01 9.967362733352886917e-01
4.000000000000000000e+02 9.000000000000000000e+01 9.973114095061949014e-01
4.200000000000000000e+02 9.000000000000000000e+01 9.993814936673194316e-01
4.400000000000000000e+02 9.000000000000000000e+01 9.963414555484937374e-01
4.600000000000000000e+02 9.000000000000000000e+01 9.962727008002868478e-01
4.800000000000000000e+02 9.000000000000000000e+01 9.999252257154874757e-01
5.000000000000000000e+02 9.000000000000000000e+01 1.001206099614017075e+00
5.200000000000000000e+02 9.000000000000000000e+01 1.002079232087408567e+00
5.400000000000000000e+02 9.000000000000000000e+01 1.008381941924116010e+00
5.600000000000000000e+02 9.000000000000000000e+01 1.008000236974739838e+00
5.800000000000000000e+02 9.000000000000000000e+01 1.010512537138612554e+00
6.000000000000000000e+02 9.000000000000000000e+01 1.012676014551926018e+00
6.200000000000000000e+02 9.000000000000000000e+01 1.011138098626696014e+00
6.400000000000000000e+02 9.000000000000000000e+01 1.011825014886310825e+00
6.600000000000000000e+02 9.000000000000000000e+01 1.012558411644423728e+00
6.800000000000000000e+02 9.000000000000000000e+01 1.011766396404891077e+00
7.000000000000000000e+02 9.000000000000000000e+01 1.010652734845743694e+00
7.200000000000000000e+02 9.000000000000000000e+01 1.009671276299915821e+00
7.400000000000000000e+02 9.000000000000000000e+01 1.007571909955027767e+00
7.600000000000000000e+02 9.000000000000000000e+01 1.002906055483940628e+00
7.800000000000000000e+02 9.000000000000000000e+01 9.916199849307807401e-01
8.000000000000000000e+02 9.000000000000000000e+01 9.816281655677574491e-01
4.000000000000000000e+01 9.600000000000000000e+01 9.999994820259132666e-01
6.000000000000000000e+01 9.600000000000000000e+01 1.000040302454369145e+00
8.000000000000000000e+01 9.600000000000000000e+01 1.000013783875635776e+00
1.000000000000000000e+02 9.600000000000000000e+01 1.000121000694722539e+00
1.200000000000000000e+02 9.600000000000000000e+01 9.999812863521022610e-01
1.400000000000000000e+02 9.600000000000000000e+01 9.999704146674377458e-01
1.600000000000000000e+02 9.600000000000000000e+01 1.000208795529171413e+00
1.800000000000000000e+02 9.600000000000000000e+01 1.000310308859324593e+00
2.000000000000000000e+02 9.600000000000000000e+01 1.000009644823071087e+00
2.200000000000000000e+02 9.600000000000000000e+01 9.999812709217400508e-01
2.400000000000000000e+02 9.600000000000000000e+01 9.998029321103018008e-01
2.600000000000000000e+02 9.600000000000000000e+01 9.997973302754609159e-01
2.800000000000000000e+02 9.600000000000000000e+01 9.999566231328015364e-01
3.000000000000000000e+02 9.600000000000000000e+01 9.997390588822360202e-01
3.200000000000000000e+02 9.600000000000000000e+01 9.997555190747293707e-01
3.400000000000000000e+02 9.600000000000000000e+01 9.982438059624896276e-01
3.600000000000000000e+02 9.600000000000000000e+01 9.983908874989974036e-01
3.800000000000000000e+02 9.600000000000000000e+01 9.972779417986469275e-01
4.000000000000000000e+02 9.600000000000000000e+01 9.981030538904924754e-01
4.200000000000000000e+02 9.600000000000000000e+01 9.999110183344226410e-01
4.400000000000000000e+02 9.600000000000000000e+01 9.969649694727302780e-01
4.600000000000000000e+02 9.600000000000000000e+01 9.970197660050408306e-01
4.800000000000000000e+02 9.600000000000000000e+01 1.000402255706173138e+00
5.000000000000000000e+02 9.600000000000000000e+01 1.001578410411704034e+00
5.200000000000000000e+02 9.600000000000000000e+01 1.002309591201781647e+00
5.400000000000000000e+02 9.600000000000000000e+01 1.007945008794548736e+00
5.600000000000000000e+02 9.600000000000000000e+01 1.007285884196199355e+00
5.800000000000000000e+02 9.600000000000000000e+01 1.009760899992597993e+00
6.000000000000000000e+02 9.600000000000000000e+01 1.012106519059646992e+00
6.200000000000000000e+02 9.600000000000000000e+01 1.010391787008255271e+00
6.400000000000000000e+02 9.600000000000000000e+01 1.010873091370219745e+00
6.600000000000000000e+02 9.600000000000000000e+01 1.011719663306452466e+00
6.800000000000000000e+02 9.600000000000000000e+01 1.010733559618167909e+00
7.000000000000000000e+02 9.600000000000000000e+01 1.009431798360245214e+00
7.200000000000000000e+02 9.600000000000000000e+01 1.008577957540010006e+00
7.400000000000000000e+02 9.600000000000000000e+01 1.006799126572783587e+00
7.600000000000000000e+02 9.600000000000000000e+01 1.002816319673601742e+00
7.800000000000000000e+02 9.600000000000000000e+01 9.931236768843783036e-01
8.000000000000000000e+02 9.600000000000000000e+01 9.870436632771161234e-01
4.000000000000000000e+01 1.020000000000000000e+02 1.000021249330930617e+00
6.000000000000000000e+01 1.020000000000000000e+02 1.000078736192937745e+00
8.000000000000000000e+01 1.020000000000000000e+02 1.000043806430165994e+00
1.000000000000000000e+02 1.020000000000000000e+02 1.000131142886864444e+00
1.200000000000000000e+02 1.020000000000000000e+02 9.999955481655062872e-01
1.400000000000000000e+02 1.020000000000000000e+02 9.999812175065585507e-01
1.600000000000000000e+02 1.020000000000000000e+02 1.000235878257917044e+00
1.800000000000000000e+02 1.020000000000000000e+02 1.000377499446841734e+00
2.000000000000000000e+02 1.020000000000000000e+02 1.000088488262403041e+00
2.200000000000000000e+02 1.020000000000000000e+02 1.000172743504986528e+00
2.400000000000000000e+02 1.020000000000000000e+02 1.000163182959908914e+00
2.600000000000000000e+02 1.020000000000000000e+02 1.000179273116919232e+00
2.800000000000000000e+02 1.020000000000000000e+02 1.000199880913424710e+00
3.000000000000000000e+02 1.020000000000000000e+02 1.000043687462528474e+00
3.200000000000000000e+02 1.020000000000000000e+02 9.998817401781275871e-01
3.400000000000000000e+02 1.020000000000000000e+02 9.987315079884847568e-01
3.600000000000000000e+02 1.020000000000000000e+02 9.988112936739447223e-01
3.800000000000000000e+02 1.020000000000000000e+02 9.978286537253171495e-01
4.000000000000000000e+02 1.020000000000000000e+02 9.987352102647628627e-01
4.200000000000000000e+02 1.020000000000000000e+02 1.000164796485177421e+00
4.400000000000000000e+02 1.020000000000000000e+02 9.974986341860583305e-01
4.600000000000000000e+02 1.020000000000000000e+02 9.975778579246584732e-01
4.800000000000000000e+02 1.020000000000000000e+02 1.000537019763766633e+00
5.000000000000000000e+02 1.020000000000000000e+02 1.001660084953530205e+00
5.200000000000000000e+02 1.020000000000000000e+02 1.002223117023976151e+00
5.400000000000000000e+02 1.020000000000000000e+02 1.006975142670102352e+00
5.600000000000000000e+02 1.020000000000000000e+02 1.006259362274732894e+00
5.800000000000000000e+02 1.020000000000000000e+02 1.008644611949668590e+00
6.000000000000000000e+02 1.020000000000000000e+02 1.011083997330469053e+00
6.200000000000000000e+02 1.020000000000000000e+02 1.009278322001237571e+00
6.400000000000000000e+02 1.020000000000000000e+02 1.009571960359489262e+00
6.600000000000000000e+02 1.020000000000000000e+02 1.010570175220205424e+00
6.800000000000000000e+02 1.020000000000000000e+02 1.009577466696522041e+00
7.000000000000000000e+02 1.020000000000000000e+02 1.008269228383318561e+00
7.200000000000000000e+02 1.020000000000000000e+02 1.007887250425250736e+00
7.400000000000000000e+02 1.020000000000000000e+02 1.007080062613926019e+00
7.600000000000000000e+02 1.020000000000000000e+02 1.005409280404949257e+00
7.800000000000000000e+02 1.020000000000000000e+02 9.976215122047701334e-01
8.000000000000000000e+02 1.020000000000000000e+02 9.954415324425848199e-01
4.000000000000000000e+01 1.080000000000000000e+02 1.000041800526553448e+00
6.000000000000000000e+01 1.080000000000000000e+02 1.000115574454863987e+00
8.000000000000000000e+01 1.080000000000000000e+02 1.000073336521230205e+00
1.000000000000000000e+02 1.080000000000000000e+02 1.000138507532003285e+00
1.200000000000000000e+02 1.080000000000000000e+02 1.000003079920325000e+00
1.400000000000000000e+02 1.080000000000000000e+02 9.999855846469647425e-01
1.600000000000000000e+02 1.080000000000000000e+02 1.000254359126749648e+00
1.800000000000000000e+02 1.080000000000000000e+02 1.000393602864546372e+00
2.000000000000000000e+02 1.080000000000000000e+02 1.000116587046519401e+00
2.200000000000000000e+02 1.080000000000000000e+02 1.000273624612098455e+00
2.400000000000000000e+02 1.080000000000000000e+02 1.000419601638006473e+00
2.600000000000000000e+02 1.080000000000000000e+02 1.000459229683654527e+00
2.800000000000000000e+02 1.080000000000000000e+02 1.000404383217221804e+00
3.000000000000000000e+02 1.080000000000000000e+02 1.000234935345932552e+00
3.200000000000000000e+02 1.080000000000000000e+02 9.998671230385898223e-01
3.400000000000000000e+02 1.080000000000000000e+02 9.991122733425461533e-01
3.600000000000000000e+02 1.080000000000000000e+02 9.990900299587397448e-01
3.800000000000000000e+02 1.080000000000000000e+02 9.983550271914406471e-01
4.000000000000000000e+02 1.080000000000000000e+02 9.991833185833323139e-01
4.200000000000000000e+02 1.080000000000000000e+02 1.000109101599287120e+00
4.400000000000000000e+02 1.080000000000000000e+02 9.979092673214743359e-01
4.600000000000000000e+02 1.080000000000000000e+02 9.979271708897223814e-01
4.800000000000000000e+02 1.080000000000000000e+02 1.000391577178268987e+00
5.000000000000000000e+02 1.080000000000000000e+02 1.001441379841346180e+00
5.200000000000000000e+02 1.080000000000000000e+02 1.001812105650990548e+00
5.400000000000000000e+02 1.080000000000000000e+02 1.004084709948706022e+00
5.600000000000000000e+02 1.080000000000000000e+02 1.004921703247078302e+00
5.800000000000000000e+02 1.080000000000000000e+02 1.007173321934510701e+00
6.000000000000000000e+02 1.080000000000000000e+02 1.009594593049167432e+00
6.200000000000000000e+02 1.080000000000000000e+02 1.007801554344216033e+00
6.400000000000000000e+02 1.080000000000000000e+02 1.007969757355086093e+00
6.600000000000000000e+02 1.080000000000000000e+02 1.009075736064329876e+00
6.800000000000000000e+02 1.080000000000000000e+02 1.008287761283872541e+00
7.000000000000000000e+02 1.080000000000000000e+02 1.007166126437083475e+00
7.200000000000000000e+02 1.080000000000000000e+02 1.007438336657156652e+00
7.400000000000000000e+02 1.080000000000000000e+02 1.008251024836691823e+00
7.600000000000000000e+02 1.080000000000000000e+02 1.008045774148283114e+00
7.800000000000000000e+02 1.080000000000000000e+02 1.004769439569646705e+00
8.000000000000000000e+02 1.080000000000000000e+02 1.002924362776001388e+00
4.000000000000000000e+01 1.140000000000000000e+02 1.000061112100855354e+00
6.000000000000000000e+01 1.140000000000000000e+02 1.000150855470758993e+00
8.000000000000000000e+01 1.140000000000000000e+02 1.000102510727224114e+00
1.000000000000000000e+02 1.140000000000000000e+02 1.000143382057714581e+00
1.200000000000000000e+02 1.140000000000000000e+02 1.000003641186864245e+00
1.400000000000000000e+02 1.140000000000000000e+02 9.999824556255880736e-01
1.600000000000000000e+02 1.140000000000000000e+02 1.000263550195493734e+00
1.800000000000000000e+02 1.140000000000000000e+02 1.000318765808110744e+00
2.000000000000000000e+02 1.140000000000000000e+02 1.000077618000002611e+00
2.200000000000000000e+02 1.140000000000000000e+02 1.000285768443561762e+00
2.400000000000000000e+02 1.140000000000000000e+02 1.000509564060228396e+00
2.600000000000000000e+02 1.140000000000000000e+02 1.000608158879383813e+00
2.800000000000000000e+02 1.140000000000000000e+02 1.000489736925824102e+00
3.000000000000000000e+02 1.140000000000000000e+02 1.000289395911995616e+00
3.200000000000000000e+02 1.140000000000000000e+02 9.998380328195878297e-01
3.400000000000000000e+02 1.140000000000000000e+02 9.993526141533447538e-01
3.600000000000000000e+02 1.140000000000000000e+02 9.992121925216979061e-01
3.800000000000000000e+02 1.140000000000000000e+02 9.988004712930442786e-01
4.000000000000000000e+02 1.140000000000000000e+02 9.994228188005275237e-01
4.200000000000000000e+02 1.140000000000000000e+02 9.997102071564551995e-01
4.400000000000000000e+02 1.140000000000000000e+02 9.981212983952265638e-01
4.600000000000000000e+02 1.140000000000000000e+02 9.980478992308149389e-01
4.800000000000000000e+02 1.140000000000000000e+02 1.000028263105041892e+00
5.000000000000000000e+02 1.140000000000000000e+02 1.000916158625815733e+00
5.200000000000000000e+02 1.140000000000000000e+02 1.001068853179823082e+00
5.400000000000000000e+02 1.140000000000000000e+02 1.002568019549435530e+00
5.600000000000000000e+02 1.140000000000000000e+02 1.003273939149974536e+00
5.800000000000000000e+02 1.140000000000000000e+02 1.005356678871810461e+00
6.000000000000000000e+02 1.140000000000000000e+02 1.007626518477898303e+00
6.200000000000000000e+02 1.140000000000000000e+02 1.005965334775766440e+00
6.400000000000000000e+02 1.140000000000000000e+02 1.006054187565372793e+00
6.600000000000000000e+02 1.140000000000000000e+02 1.007226820294220282e+00
6.800000000000000000e+02 1.140000000000000000e+02 1.006834123181750584e+00
7.000000000000000000e+02 1.140000000000000000e+02 1.006227373344662279e+00
7.200000000000000000e+02 1.140000000000000000e+02 1.007097787914263076e+00
7.400000000000000000e+02 1.140000000000000000e+02 1.009475130008539168e+00
7.600000000000000000e+02 1.140000000000000000e+02 1.010334724248201033e+00
7.800000000000000000e+02 1.140000000000000000e+02 1.007877358731650297e+00
8.000000000000000000e+02 1.140000000000000000e+02 1.006976303372407955e+00
4.000000000000000000e+01 1.200000000000000000e+02 1.000079160541909040e+00
6.000000000000000000e+01 1.200000000000000000e+02 1.000184617471232551e+00
8.000000000000000000e+01 1.200000000000000000e+02 1.000131465626544980e+00
1.000000000000000000e+02 1.200000000000000000e+02 1.000146053891573628e+00
1.200000000000000000e+02 1.200000000000000000e+02 9.999969915354309791e-01
1.400000000000000000e+02 1.200000000000000000e+02 9.999711248493964311e-01
1.600000000000000000e+02 1.200000000000000000e+02 1.000262763523975584e+00
1.800000000000000000e+02 1.200000000000000000e+02 1.000157502238089968e+00
2.000000000000000000e+02 1.200000000000000000e+02 9.999777485933593058e-01
2.200000000000000000e+02 1.200000000000000000e+02 1.000221044193741360e+00
2.400000000000000000e+02 1.200000000000000000e+02 1.000425105301354645e+00
2.600000000000000000e+02 1.200000000000000000e+02 1.000566952241544127e+00
2.800000000000000000e+02 1.200000000000000000e+02 1.000404429124463146e+00
3.000000000000000000e+02 1.200000000000000000e+02 1.000171014625120369e+00
3.200000000000000000e+02 1.200000000000000000e+02 9.997784814621261118e-01
3.400000000000000000e+02 1.200000000000000000e+02 9.994190790559622783e-01
3.600000000000000000e+02 1.200000000000000000e+02 9.991628775311343080e-01
3.800000000000000000e+02 1.200000000000000000e+02 9.990114972250007108e-01
4.000000000000000000e+02 1.200000000000000000e+02 9.994270661966597746e-01
4.200000000000000000e+02 1.200000000000000000e+02 9.990998442157833503e-01
4.400000000000000000e+02 1.200000000000000000e+02 9.980852069010116567e-01
4.600000000000000000e+02 1.200000000000000000e+02 9.979202372785194175e-01
4.800000000000000000e+02 1.200000000000000000e+02 9.994325087168288713e-01
5.000000000000000000e+02 1.200000000000000000e+02 1.000078285273851453e+00
5.200000000000000000e+02 1.200000000000000000e+02 9.999856557074725538e-01
5.400000000000000000e+02 1.200000000000000000e+02 1.000808016226135244e+00
5.600000000000000000e+02 1.200000000000000000e+02 1.001317102020158334e+00
5.800000000000000000e+02 1.200000000000000000e+02 1.003204331686255335e+00
6.000000000000000000e+02 1.200000000000000000e+02 1.005169936733041336e+00
6.200000000000000000e+02 1.200000000000000000e+02 1.003762076954260785e+00
6.400000000000000000e+02 1.200000000000000000e+02 1.003830917475697193e+00
6.600000000000000000e+02 1.200000000000000000e+02 1.005015426447162463e+00
6.800000000000000000e+02 1.200000000000000000e+02 1.005090159033875885e+00
7.000000000000000000e+02 1.200000000000000000e+02 1.005013135330907970e+00
7.200000000000000000e+02 1.200000000000000000e+02 1.006374377976830603e+00
7.400000000000000000e+02 1.200000000000000000e+02 1.010865125708049206e+00
7.600000000000000000e+02 1.200000000000000000e+02 1.011975426470826722e+00
7.800000000000000000e+02 1.200000000000000000e+02 1.009829899227866701e+00
8.000000000000000000e+02 1.200000000000000000e+02 1.010074173024943400e+00
4.000000000000000000e+01 1.260000000000000000e+02 1.000095922337789212e+00
6.000000000000000000e+01 1.260000000000000000e+02 1.000216898686894895e+00
8.000000000000000000e+01 1.260000000000000000e+02 1.000160337797589394e+00
1.000000000000000000e+02 1.260000000000000000e+02 1.000146810461155278e+00
1.200000000000000000e+02 1.260000000000000000e+02 9.999828905363312703e-01
1.400000000000000000e+02 1.260000000000000000e+02 9.999509043782148776e-01
1.600000000000000000e+02 1.260000000000000000e+02 1.000250396935950636e+00
1.800000000000000000e+02 1.260000000000000000e+02 9.999814706195205849e-01
2.000000000000000000e+02 1.260000000000000000e+02 9.998204854869530145e-01
2.200000000000000000e+02 1.260000000000000000e+02 1.000095400034086035e+00
2.400000000000000000e+02 1.260000000000000000e+02 1.000205016510848477e+00
2.600000000000000000e+02 1.260000000000000000e+02 1.000335591147966552e+00
2.800000000000000000e+02 1.260000000000000000e+02 1.000119914097804541e+00
3.000000000000000000e+02 1.260000000000000000e+02 9.998521808413335377e-01
3.200000000000000000e+02 1.260000000000000000e+02 9.995401298403937540e-01
3.400000000000000000e+02 1.260000000000000000e+02 9.992782166854787818e-01
3.600000000000000000e+02 1.260000000000000000e+02 9.989266803420994156e-01
3.800000000000000000e+02 1.260000000000000000e+02 9.989248927744291962e-01
4.000000000000000000e+02 1.260000000000000000e+02 9.991310534308360802e-01
4.200000000000000000e+02 1.260000000000000000e+02 9.984550286293343291e-01
4.400000000000000000e+02 1.260000000000000000e+02 9.977565433281775364e-01
4.600000000000000000e+02 1.260000000000000000e+02 9.975243793634167577e-01
4.800000000000000000e+02 1.260000000000000000e+02 9.985859411991221402e-01
5.000000000000000000e+02 1.260000000000000000e+02 9.989216233807840517e-01
5.200000000000000000e+02 1.260000000000000000e+02 9.985548093309370987e-01
5.400000000000000000e+02 1.260000000000000000e+02 9.986441533736832854e-01
5.600000000000000000e+02 1.260000000000000000e+02 9.990522238943684297e-01
5.800000000000000000e+02 1.260000000000000000e+02 1.000725929302531902e+00
6.000000000000000000e+02 1.260000000000000000e+02 1.002215537297965309e+00
6.200000000000000000e+02 1.260000000000000000e+02 1.001153150301943073e+00
6.400000000000000000e+02 1.260000000000000000e+02 1.001302424349931330e+00
6.600000000000000000e+02 1.260000000000000000e+02 1.002256945352559159e+00
6.800000000000000000e+02 1.260000000000000000e+02 1.003062112520187288e+00
7.000000000000000000e+02 1.260000000000000000e+02 1.003345948491317419e+00
7.200000000000000000e+02 1.260000000000000000e+02 1.004017910266066238e+00
7.400000000000000000e+02 1.260000000000000000e+02 1.011196723650814366e+00
7.600000000000000000e+02 1.260000000000000000e+02 1.010993376107375052e+00
7.800000000000000000e+02 1.260000000000000000e+02 1.007761341182349391e+00
8.000000000000000000e+02 1.260000000000000000e+02 1.010659137397441620e+00
4.000000000000000000e+01 1.320000000000000000e+02 1.000111373976568574e+00
6.000000000000000000e+01 1.320000000000000000e+02 1.000247737348357369e+00
8.000000000000000000e+01 1.320000000000000000e+02 1.000189263818754393e+00
1.000000000000000000e+02 1.320000000000000000e+02 1.000145939194036160e+00
1.200000000000000000e+02 1.320000000000000000e+02 9.999610977598717421e-01
1.400000000000000000e+02 1.320000000000000000e+02 9.999211062718689202e-01
1.600000000000000000e+02 1.320000000000000000e+02 1.000195070770395711e+00
1.800000000000000000e+02 1.320000000000000000e+02 9.998238775856411742e-01
2.000000000000000000e+02 1.320000000000000000e+02 9.996093353411479310e-01
2.200000000000000000e+02 1.320000000000000000e+02 9.999117585480453707e-01
2.400000000000000000e+02 1.320000000000000000e+02 9.998739804176146606e-01
2.600000000000000000e+02 1.320000000000000000e+02 9.999856224799873461e-01
2.800000000000000000e+02 1.320000000000000000e+02 9.996035744892454167e-01
3.000000000000000000e+02 1.320000000000000000e+02 9.993018944585185803e-01
3.200000000000000000e+02 1.320000000000000000e+02 9.990546610404440475e-01
3.400000000000000000e+02 1.320000000000000000e+02 9.988965756769759841e-01
3.600000000000000000e+02 1.320000000000000000e+02 9.984983529099338284e-01
3.800000000000000000e+02 1.320000000000000000e+02 9.984923062924434545e-01
4.000000000000000000e+02 1.320000000000000000e+02 9.984765596027455059e-01
4.200000000000000000e+02 1.320000000000000000e+02 9.976833440077504944e-01
4.400000000000000000e+02 1.320000000000000000e+02 9.970908581660758996e-01
4.600000000000000000e+02 1.320000000000000000e+02 9.968405198160904535e-01
4.800000000000000000e+02 1.320000000000000000e+02 9.974433403447278135e-01
5.000000000000000000e+02 1.320000000000000000e+02 9.974400365419453518e-01
5.200000000000000000e+02 1.320000000000000000e+02 9.967686101472150728e-01
5.400000000000000000e+02 1.320000000000000000e+02 9.961558595669116611e-01
5.600000000000000000e+02 1.320000000000000000e+02 9.964845147692523719e-01
5.800000000000000000e+02 1.320000000000000000e+02 9.979421122431789692e-01
6.000000000000000000e+02 1.320000000000000000e+02 9.987978297046645748e-01
6.200000000000000000e+02 1.320000000000000000e+02 9.981895537226299631e-01
6.400000000000000000e+02 1.320000000000000000e+02 9.982319143501836578e-01
6.600000000000000000e+02 1.320000000000000000e+02 9.987455806327377728e-01
6.800000000000000000e+02 1.320000000000000000e+02 1.000416291270092684e+00
7.000000000000000000e+02 1.320000000000000000e+02 1.000942147766877399e+00
7.200000000000000000e+02 1.320000000000000000e+02 1.000311124529308815e+00
7.400000000000000000e+02 1.320000000000000000e+02 1.009203613839213753e+00
7.600000000000000000e+02 1.320000000000000000e+02 1.007800330391307897e+00
7.800000000000000000e+02 1.320000000000000000e+02 1.003721468108403014e+00
8.000000000000000000e+02 1.320000000000000000e+02 1.008192182915770729e+00
4.000000000000000000e+01 1.380000000000000000e+02 1.000125491946320722e+00
6.000000000000000000e+01 1.380000000000000000e+02 1.000277153188127599e+00
8.000000000000000000e+01 1.380000000000000000e+02 1.000218380268435459e+00
1.000000000000000000e+02 1.380000000000000000e+02 1.000143582136088005e+00
1.200000000000000000e+02 1.380000000000000000e+02 9.999313727763583515e-01
1.400000000000000000e+02 1.380000000000000000e+02 9.998810425901845100e-01
1.600000000000000000e+02 1.380000000000000000e+02 1.000084293126667134e+00
1.800000000000000000e+02 1.380000000000000000e+02 9.996643899773643982e-01
2.000000000000000000e+02 1.380000000000000000e+02 9.993478048163079164e-01
2.200000000000000000e+02 1.380000000000000000e+02 9.996473473372262664e-01
2.400000000000000000e+02 1.380000000000000000e+02 9.994623768507147066e-01
2.600000000000000000e+02 1.380000000000000000e+02 9.995189473730300422e-01
2.800000000000000000e+02 1.380000000000000000e+02 9.988865932358771405e-01
3.000000000000000000e+02 1.380000000000000000e+02 9.985222230516734854e-01
3.200000000000000000e+02 1.380000000000000000e+02 9.982823944136849370e-01
3.400000000000000000e+02 1.380000000000000000e+02 9.982435322157729995e-01
3.600000000000000000e+02 1.380000000000000000e+02 9.978989332488420461e-01
3.800000000000000000e+02 1.380000000000000000e+02 9.976653674840196828e-01
4.000000000000000000e+02 1.380000000000000000e+02 9.974152330635021046e-01
4.200000000000000000e+02 1.380000000000000000e+02 9.965420724915017292e-01
4.400000000000000000e+02 1.380000000000000000e+02 9.960437019040542239e-01
4.600000000000000000e+02 1.380000000000000000e+02 9.958470645473105343e-01
4.800000000000000000e+02 1.380000000000000000e+02 9.959902584057287456e-01
5.000000000000000000e+02 1.380000000000000000e+02 9.956273883526665092e-01
5.200000000000000000e+02 1.380000000000000000e+02 9.946163468389875861e-01
5.400000000000000000e+02 1.380000000000000000e+02 9.934469208369474114e-01
5.600000000000000000e+02 1.380000000000000000e+02 9.936470902308343067e-01
5.800000000000000000e+02 1.380000000000000000e+02 9.950310596582304656e-01
6.000000000000000000e+02 1.380000000000000000e+02 9.947795373577331679e-01
6.200000000000000000e+02 1.380000000000000000e+02 9.947445991990477854e-01
6.400000000000000000e+02 1.380000000000000000e+02 9.943908528882420272e-01
6.600000000000000000e+02 1.380000000000000000e+02 9.945557697859198631e-01
6.800000000000000000e+02 1.380000000000000000e+02 9.967659904223589162e-01
7.000000000000000000e+02 1.380000000000000000e+02 9.972919263329230732e-01
7.200000000000000000e+02 1.380000000000000000e+02 9.955901736929807511e-01
7.400000000000000000e+02 1.380000000000000000e+02 1.004503196793538944e+00
7.600000000000000000e+02 1.380000000000000000e+02 1.002336354196937229e+00
7.800000000000000000e+02 1.380000000000000000e+02 9.974740725120041507e-01
8.000000000000000000e+02 1.380000000000000000e+02 1.002226906025036834e+00
4.000000000000000000e+01 1.440000000000000000e+02 1.000138252735119471e+00
6.000000000000000000e+01 1.440000000000000000e+02 1.000305017894247195e+00
8.000000000000000000e+01 1.440000000000000000e+02 1.000247823725030960e+00
1.000000000000000000e+02 1.440000000000000000e+02 1.000138960522187981e+00
1.200000000000000000e+02 1.440000000000000000e+02 9.998934751560978329e-01
1.400000000000000000e+02 1.440000000000000000e+02 9.998300253929864878e-01
1.600000000000000000e+02 1.440000000000000000e+02 9.999214125033009104e-01
1.800000000000000000e+02 1.440000000000000000e+02 9.994931284446733066e-01
2.000000000000000000e+02 1.440000000000000000e+02 9.990394005727963878e-01
2.200000000000000000e+02 1.440000000000000000e+02 9.992980982915820043e-01
2.400000000000000000e+02 1.440000000000000000e+02 9.989820652496959053e-01
2.600000000000000000e+02 1.440000000000000000e+02 9.989141057704193916e-01
2.800000000000000000e+02 1.440000000000000000e+02 9.980230011804243073e-01
3.000000000000000000e+02 1.440000000000000000e+02 9.975948791773610047e-01
3.200000000000000000e+02 1.440000000000000000e+02 9.972728419899238306e-01
3.400000000000000000e+02 1.440000000000000000e+02 9.973468003427705675e-01
3.600000000000000000e+02 1.440000000000000000e+02 9.971420514875777297e-01
3.800000000000000000e+02 1.440000000000000000e+02 9.963791045253336254e-01
4.000000000000000000e+02 1.440000000000000000e+02 9.958863609507138115e-01
4.200000000000000000e+02 1.440000000000000000e+02 9.949408877069106927e-01
4.400000000000000000e+02 1.440000000000000000e+02 9.945632056461579662e-01
4.600000000000000000e+02 1.440000000000000000e+02 9.944571031048589083e-01
4.800000000000000000e+02 1.440000000000000000e+02 9.942205589774555374e-01
5.000000000000000000e+02 1.440000000000000000e+02 9.934775424082785689e-01
5.200000000000000000e+02 1.440000000000000000e+02 9.919968913399734856e-01
5.400000000000000000e+02 1.440000000000000000e+02 9.905418966097411237e-01
5.600000000000000000e+02 1.440000000000000000e+02 9.901034038188802899e-01
5.800000000000000000e+02 1.440000000000000000e+02 9.916289503278464812e-01
6.000000000000000000e+02 1.440000000000000000e+02 9.902369056050891460e-01
6.200000000000000000e+02 1.440000000000000000e+02 9.902978453853467089e-01
6.400000000000000000e+02 1.440000000000000000e+02 9.895853975252258961e-01
6.600000000000000000e+02 1.440000000000000000e+02 9.895197246611373565e-01
6.800000000000000000e+02 1.440000000000000000e+02 9.915152203990176272e-01
7.000000000000000000e+02 1.440000000000000000e+02 9.916990055041186025e-01
7.200000000000000000e+02 1.440000000000000000e+02 9.897298615727396776e-01
7.400000000000000000e+02 1.440000000000000000e+02 9.968300093615484192e-01
7.600000000000000000e+02 1.440000000000000000e+02 9.941927356052069342e-01
7.800000000000000000e+02 1.440000000000000000e+02 9.883132149676249201e-01
8.000000000000000000e+02 1.440000000000000000e+02 9.923168073691235325e-01
4.000000000000000000e+01 1.500000000000000000e+02 1.000149632831037749e+00
6.000000000000000000e+01 1.500000000000000000e+02 1.000331209227980578e+00
8.000000000000000000e+01 1.500000000000000000e+02 1.000277730766935713e+00
1.000000000000000000e+02 1.500000000000000000e+02 1.000131720869624319e+00
1.200000000000000000e+02 1.500000000000000000e+02 9.998471644693964766e-01
1.400000000000000000e+02 1.500000000000000000e+02 9.997673667401005826e-01
1.600000000000000000e+02 1.500000000000000000e+02 9.997071448508267899e-01
1.800000000000000000e+02 1.500000000000000000e+02 9.992443571506112177e-01
2.000000000000000000e+02 1.500000000000000000e+02 9.986876292709769842e-01
2.200000000000000000e+02 1.500000000000000000e+02 9.988685149442093625e-01
2.400000000000000000e+02 1.500000000000000000e+02 9.984382897765752274e-01
2.600000000000000000e+02 1.500000000000000000e+02 9.981807707622518677e-01
2.800000000000000000e+02 1.500000000000000000e+02 9.970487597730055551e-01
3.000000000000000000e+02 1.500000000000000000e+02 9.965104948648086935e-01
3.200000000000000000e+02 1.500000000000000000e+02 9.961076273265415670e-01
3.400000000000000000e+02 1.500000000000000000e+02 9.963098773885783466e-01
3.600000000000000000e+02 1.500000000000000000e+02 9.963031861786023624e-01
3.800000000000000000e+02 1.500000000000000000e+02 9.947276116370996624e-01
4.000000000000000000e+02 1.500000000000000000e+02 9.939240898741482644e-01
4.200000000000000000e+02 1.500000000000000000e+02 9.927752217167438165e-01
4.400000000000000000e+02 1.500000000000000000e+02 9.925195775885838900e-01
4.600000000000000000e+02 1.500000000000000000e+02 9.926348170927106196e-01
4.800000000000000000e+02 1.500000000000000000e+02 9.921898810566375237e-01
5.000000000000000000e+02 1.500000000000000000e+02 9.910395783735405084e-01
5.200000000000000000e+02 1.500000000000000000e+02 9.890639217524671567e-01
5.400000000000000000e+02 1.500000000000000000e+02 9.873103117127546291e-01
5.600000000000000000e+02 1.500000000000000000e+02 9.855662782101315411e-01
5.800000000000000000e+02 1.500000000000000000e+02 9.872096999959685260e-01
6.000000000000000000e+02 1.500000000000000000e+02 9.851895712324693077e-01
6.200000000000000000e+02 1.500000000000000000e+02 9.849244780628303442e-01
6.400000000000000000e+02 1.500000000000000000e+02 9.840615128505367792e-01
6.600000000000000000e+02 1.500000000000000000e+02 9.835472854057691894e-01
6.800000000000000000e+02 1.500000000000000000e+02 9.847006350046048073e-01
7.000000000000000000e+02 1.500000000000000000e+02 9.843656666238073116e-01
7.200000000000000000e+02 1.500000000000000000e+02 9.824672726897351049e-01
7.400000000000000000e+02 1.500000000000000000e+02 9.862591785204702921e-01
7.600000000000000000e+02 1.500000000000000000e+02 9.826658234243703660e-01
7.800000000000000000e+02 1.500000000000000000e+02 9.757492198993726884e-01
8.000000000000000000e+02 1.500000000000000000e+02 9.780029684705486837e-01
4.000000000000000000e+01 1.560000000000000000e+02 1.000159608722149596e+00
6.000000000000000000e+01 1.560000000000000000e+02 1.000355617276035725e+00
8.000000000000000000e+01 1.560000000000000000e+02 1.000308237972548309e+00
1.000000000000000000e+02 1.560000000000000000e+02 1.000121633532671028e+00
1.200000000000000000e+02 1.560000000000000000e+02 9.997922002865606839e-01
1.400000000000000000e+02 1.560000000000000000e+02 9.996809484698504500e-01
1.600000000000000000e+02 1.560000000000000000e+02 9.994476353528058965e-01
1.800000000000000000e+02 1.560000000000000000e+02 9.989181013026110501e-01
2.000000000000000000e+02 1.560000000000000000e+02 9.982959975712136780e-01
2.200000000000000000e+02 1.560000000000000000e+02 9.983631008282042307e-01
2.400000000000000000e+02 1.560000000000000000e+02 9.978362945933680894e-01
2.600000000000000000e+02 1.560000000000000000e+02 9.973288445493218024e-01
2.800000000000000000e+02 1.560000000000000000e+02 9.959746298068953285e-01
3.000000000000000000e+02 1.560000000000000000e+02 9.952378887757222792e-01
3.200000000000000000e+02 1.560000000000000000e+02 9.948155802823117622e-01
3.400000000000000000e+02 1.560000000000000000e+02 9.951936309356346211e-01
3.600000000000000000e+02 1.560000000000000000e+02 9.953853745670472319e-01
3.800000000000000000e+02 1.560000000000000000e+02 9.929755358289356071e-01
4.000000000000000000e+02 1.560000000000000000e+02 9.916678940261258735e-01
4.200000000000000000e+02 1.560000000000000000e+02 9.903027335351873850e-01
4.400000000000000000e+02 1.560000000000000000e+02 9.900496813232224635e-01
4.600000000000000000e+02 1.560000000000000000e+02 9.905595922111670726e-01
4.800000000000000000e+02 1.560000000000000000e+02 9.900339680443595025e-01
5.000000000000000000e+02 1.560000000000000000e+02 9.885041845199330490e-01
5.200000000000000000e+02 1.560000000000000000e+02 9.856948096142034155e-01
5.400000000000000000e+02 1.560000000000000000e+02 9.834284358090912281e-01
5.600000000000000000e+02 1.560000000000000000e+02 9.808193766314190487e-01
5.800000000000000000e+02 1.560000000000000000e+02 9.817397913776344520e-01
6.000000000000000000e+02 1.560000000000000000e+02 9.796611925681841804e-01
6.200000000000000000e+02 1.560000000000000000e+02 9.789843529641071296e-01
6.400000000000000000e+02 1.560000000000000000e+02 9.775186526997736713e-01
6.600000000000000000e+02 1.560000000000000000e+02 9.765503724050246248e-01
6.800000000000000000e+02 1.560000000000000000e+02 9.767575446973210118e-01
7.000000000000000000e+02 1.560000000000000000e+02 9.753888976788518406e-01
7.200000000000000000e+02 1.560000000000000000e+02 9.730521977248161036e-01
7.400000000000000000e+02 1.560000000000000000e+02 9.721324465910892165e-01
7.600000000000000000e+02 1.560000000000000000e+02 9.666885417409196712e-01
7.800000000000000000e+02 1.560000000000000000e+02 9.591749952517371058e-01
8.000000000000000000e+02 1.560000000000000000e+02 9.597576564652725573e-01
4.000000000000000000e+01 1.620000000000000000e+02 1.000168156896528160e+00
6.000000000000000000e+01 1.620000000000000000e+02 1.000378132125115727e+00
8.000000000000000000e+01 1.620000000000000000e+02 1.000339481920264229e+00
1.000000000000000000e+02 1.620000000000000000e+02 1.000108468865598343e+00
1.200000000000000000e+02 1.620000000000000000e+02 9.997283421778966339e-01
1.400000000000000000e+02 1.620000000000000000e+02 9.995244707207839863e-01
1.600000000000000000e+02 1.620000000000000000e+02 9.991506750639770340e-01
1.800000000000000000e+02 1.620000000000000000e+02 9.985266224126277956e-01
2.000000000000000000e+02 1.620000000000000000e+02 9.978680121338706632e-01
2.200000000000000000e+02 1.620000000000000000e+02 9.977874752606400444e-01
2.400000000000000000e+02 1.620000000000000000e+02 9.971813238620910180e-01
2.600000000000000000e+02 1.620000000000000000e+02 9.963682297320811676e-01
2.800000000000000000e+02 1.620000000000000000e+02 9.948110500643165821e-01
3.000000000000000000e+02 1.620000000000000000e+02 9.938072040916308136e-01
3.200000000000000000e+02 1.620000000000000000e+02 9.934209474423889574e-01
3.400000000000000000e+02 1.620000000000000000e+02 9.940668989886883855e-01
3.600000000000000000e+02 1.620000000000000000e+02 9.944054833981610386e-01
3.800000000000000000e+02 1.620000000000000000e+02 9.912620440730781635e-01
4.000000000000000000e+02 1.620000000000000000e+02 9.891880826781964675e-01
4.200000000000000000e+02 1.620000000000000000e+02 9.875312533538408433e-01
4.400000000000000000e+02 1.620000000000000000e+02 9.873250126705092056e-01
4.600000000000000000e+02 1.620000000000000000e+02 9.882699305081332763e-01
4.800000000000000000e+02 1.620000000000000000e+02 9.878103868463781190e-01
5.000000000000000000e+02 1.620000000000000000e+02 9.859401539868851705e-01
5.200000000000000000e+02 1.620000000000000000e+02 9.819674140593166456e-01
5.400000000000000000e+02 1.620000000000000000e+02 9.791309906627084780e-01
5.600000000000000000e+02 1.620000000000000000e+02 9.762706882862515201e-01
5.800000000000000000e+02 1.620000000000000000e+02 9.744307750875045304e-01
6.000000000000000000e+02 1.620000000000000000e+02 9.736898346480751254e-01
6.200000000000000000e+02 1.620000000000000000e+02 9.725082423702310352e-01
6.400000000000000000e+02 1.620000000000000000e+02 9.697490092311489285e-01
6.600000000000000000e+02 1.620000000000000000e+02 9.684692980247410210e-01
6.800000000000000000e+02 1.620000000000000000e+02 9.675503747696649892e-01
7.000000000000000000e+02 1.620000000000000000e+02 9.647811563035307847e-01
7.200000000000000000e+02 1.620000000000000000e+02 9.601174584691387626e-01
7.400000000000000000e+02 1.620000000000000000e+02 9.538497234871815555e-01
7.600000000000000000e+02 1.620000000000000000e+02 9.476459058066468710e-01
7.800000000000000000e+02 1.620000000000000000e+02 9.384981095578551757e-01
8.000000000000000000e+02 1.620000000000000000e+02 9.359327692500105655e-01
4.000000000000000000e+01 1.680000000000000000e+02 1.000175253842247258e+00
6.000000000000000000e+01 1.680000000000000000e+02 1.000398643861926118e+00
8.000000000000000000e+01 1.680000000000000000e+02 1.000371599188480287e+00
1.000000000000000000e+02 1.680000000000000000e+02 1.000091997222678497e+00
1.200000000000000000e+02 1.680000000000000000e+02 9.996553497137109501e-01
1.400000000000000000e+02 1.680000000000000000e+02 9.993201179225070785e-01
1.600000000000000000e+02 1.680000000000000000e+02 9.988240550390741213e-01
1.800000000000000000e+02 1.680000000000000000e+02 9.981006004397743325e-01
2.000000000000000000e+02 1.680000000000000000e+02 9.974071796193114681e-01
2.200000000000000000e+02 1.680000000000000000e+02 9.971619424865394432e-01
2.400000000000000000e+02 1.680000000000000000e+02 9.964786217447593186e-01
2.600000000000000000e+02 1.680000000000000000e+02 9.953186127236789416e-01
2.800000000000000000e+02 1.680000000000000000e+02 9.935684593274924925e-01
3.000000000000000000e+02 1.680000000000000000e+02 9.922538456292284703e-01
3.200000000000000000e+02 1.680000000000000000e+02 9.919479753919266951e-01
3.400000000000000000e+02 1.680000000000000000e+02 9.929808608879434617e-01
3.600000000000000000e+02 1.680000000000000000e+02 9.933803794171923718e-01
3.800000000000000000e+02 1.680000000000000000e+02 9.896731410727411804e-01
4.000000000000000000e+02 1.680000000000000000e+02 9.865520602668624850e-01
4.200000000000000000e+02 1.680000000000000000e+02 9.845057982862603918e-01
4.400000000000000000e+02 1.680000000000000000e+02 9.843978261492318804e-01
4.600000000000000000e+02 1.680000000000000000e+02 9.857884868335703432e-01
4.800000000000000000e+02 1.680000000000000000e+02 9.855435697910526205e-01
5.000000000000000000e+02 1.680000000000000000e+02 9.830133673226514324e-01
5.200000000000000000e+02 1.680000000000000000e+02 9.779582823983155038e-01
5.400000000000000000e+02 1.680000000000000000e+02 9.747218205631049681e-01
5.600000000000000000e+02 1.680000000000000000e+02 9.720815117402783478e-01
5.800000000000000000e+02 1.680000000000000000e+02 9.691519184497741080e-01
6.000000000000000000e+02 1.680000000000000000e+02 9.673348074492921223e-01
6.200000000000000000e+02 1.680000000000000000e+02 9.653858929758313279e-01
6.400000000000000000e+02 1.680000000000000000e+02 9.621421573682101824e-01
6.600000000000000000e+02 1.680000000000000000e+02 9.594304677648293200e-01
6.800000000000000000e+02 1.680000000000000000e+02 9.568611381326835863e-01
7.000000000000000000e+02 1.680000000000000000e+02 9.527113501440075405e-01
7.200000000000000000e+02 1.680000000000000000e+02 9.456342960467638559e-01
7.400000000000000000e+02 1.680000000000000000e+02 9.363307128148216085e-01
7.600000000000000000e+02 1.680000000000000000e+02 9.278661737521105568e-01
7.800000000000000000e+02 1.680000000000000000e+02 9.159649733266828076e-01
8.000000000000000000e+02 1.680000000000000000e+02 9.067154458286418306e-01
4.000000000000000000e+01 1.740000000000000000e+02 1.000180876047380041e+00
6.000000000000000000e+01 1.740000000000000000e+02 1.000417042573171988e+00
8.000000000000000000e+01 1.740000000000000000e+02 1.000404726355593077e+00
1.000000000000000000e+02 1.740000000000000000e+02 1.000071988958183056e+00
1.200000000000000000e+02 1.740000000000000000e+02 9.995729824643098116e-01
1.400000000000000000e+02 1.740000000000000000e+02 9.991008031780967968e-01
1.600000000000000000e+02 1.740000000000000000e+02 9.984755663328365172e-01
1.800000000000000000e+02 1.740000000000000000e+02 9.976540573928615041e-01
2.000000000000000000e+02 1.740000000000000000e+02 9.969170066879002867e-01
2.200000000000000000e+02 1.740000000000000000e+02 9.965099864979926059e-01
2.400000000000000000e+02 1.740000000000000000e+02 9.957334324033908501e-01
2.600000000000000000e+02 1.740000000000000000e+02 9.942178190160794182e-01
2.800000000000000000e+02 1.740000000000000000e+02 9.922572963786457922e-01
3.000000000000000000e+02 1.740000000000000000e+02 9.906558016745239392e-01
3.200000000000000000e+02 1.740000000000000000e+02 9.904209107160789616e-01
3.400000000000000000e+02 1.740000000000000000e+02 9.919072617265626279e-01
3.600000000000000000e+02 1.740000000000000000e+02 9.923269293693891546e-01
3.800000000000000000e+02 1.740000000000000000e+02 9.881554570824329087e-01
4.000000000000000000e+02 1.740000000000000000e+02 9.838272312286291399e-01
4.200000000000000000e+02 1.740000000000000000e+02 9.813333117782090387e-01
4.400000000000000000e+02 1.740000000000000000e+02 9.813068968841442974e-01
4.600000000000000000e+02 1.740000000000000000e+02 9.831474222811764641e-01
4.800000000000000000e+02 1.740000000000000000e+02 9.832542098512910833e-01
5.000000000000000000e+02 1.740000000000000000e+02 9.794595482734705927e-01
5.200000000000000000e+02 1.740000000000000000e+02 9.737439619417069814e-01
5.400000000000000000e+02 1.740000000000000000e+02 9.707302737646887891e-01
5.600000000000000000e+02 1.740000000000000000e+02 9.681972237410716442e-01
5.800000000000000000e+02 1.740000000000000000e+02 9.642306516032983499e-01
6.000000000000000000e+02 1.740000000000000000e+02 9.603377845857585804e-01
6.200000000000000000e+02 1.740000000000000000e+02 9.585496022277132377e-01
6.400000000000000000e+02 1.740000000000000000e+02 9.551440680272992312e-01
6.600000000000000000e+02 1.740000000000000000e+02 9.509111180756560922e-01
6.800000000000000000e+02 1.740000000000000000e+02 9.451737687622009387e-01
7.000000000000000000e+02 1.740000000000000000e+02 9.397904360189390793e-01
7.200000000000000000e+02 1.740000000000000000e+02 9.314860214176158282e-01
7.400000000000000000e+02 1.740000000000000000e+02 9.204395778914009618e-01
7.600000000000000000e+02 1.740000000000000000e+02 9.081394177480447416e-01
7.800000000000000000e+02 1.740000000000000000e+02 8.899651193642511560e-01
8.000000000000000000e+02 1.740000000000000000e+02 8.737807985002663536e-01
4.000000000000000000e+01 1.800000000000000000e+02 1.000185000000000102e+00
6.000000000000000000e+01 1.800000000000000000e+02 1.000433218345559094e+00
8.000000000000000000e+01 1.800000000000000000e+02 1.000439000000000078e+00
1.000000000000000000e+02 1.800000000000000000e+02 1.000048214426383808e+00
1.200000000000000000e+02 1.800000000000000000e+02 9.994809999999999528e-01
1.400000000000000000e+02 1.800000000000000000e+02 9.988746975264274353e-01
1.600000000000000000e+02 1.800000000000000000e+02 9.981130000000000280e-01
1.800000000000000000e+02 1.800000000000000000e+02 9.971955332619873991e-01
2.000000000000000000e+02 1.800000000000000000e+02 9.964009999999999811e-01
2.200000000000000000e+02 1.800000000000000000e+02 9.958537613922410214e-01
2.400000000000000000e+02 1.800000000000000000e+02 9.949510000000000298e-01
2.600000000000000000e+02 1.800000000000000000e+02 9.931032278394488211e-01
2.800000000000000000e+02 1.800000000000000000e+02 9.908879999999999910e-01
3.000000000000000000e+02 1.800000000000000000e+02 9.890932813066246609e-01
3.200000000000000000e+02 1.800000000000000000e+02 9.888639999999999652e-01
3.400000000000000000e+02 1.800000000000000000e+02 9.908671119350813683e-01
3.600000000000000000e+02 1.800000000000000000e+02 9.912619999999999765e-01
3.800000000000000000e+02 1.800000000000000000e+02 9.866740494261544425e-01
4.000000000000000000e+02 1.800000000000000000e+02 9.810809999999999809e-01
4.200000000000000000e+02 1.800000000000000000e+02 9.782316178352381542e-01
4.400000000000000000e+02 1.800000000000000000e+02 9.780909999999999327e-01
4.600000000000000000e+02 1.800000000000000000e+02 9.804396644970806429e-01
4.800000000000000000e+02 1.800000000000000000e+02 9.809629999999999184e-01
5.000000000000000000e+02 1.800000000000000000e+02 9.756264391441129558e-01
5.200000000000000000e+02 1.800000000000000000e+02 9.694009999999999572e-01
5.400000000000000000e+02 1.800000000000000000e+02 9.671026709491201689e-01
5.600000000000000000e+02 1.800000000000000000e+02 9.645460000000000145e-01
5.800000000000000000e+02 1.800000000000000000e+02 9.583085021450286067e-01
6.000000000000000000e+02 1.800000000000000000e+02 9.529320000000000013e-01
6.200000000000000000e+02 1.800000000000000000e+02 9.510932480122292754e-01
6.400000000000000000e+02 1.800000000000000000e+02 9.484460000000000113e-01
6.600000000000000000e+02 1.800000000000000000e+02 9.410737580218383469e-01
6.800000000000000000e+02 1.800000000000000000e+02 9.329650000000000443e-01
7.000000000000000000e+02 1.800000000000000000e+02 9.263706719788277200e-01
7.200000000000000000e+02 1.800000000000000000e+02 9.174930000000000030e-01
7.400000000000000000e+02 1.800000000000000000e+02 9.052002701079628899e-01
7.600000000000000000e+02 1.800000000000000000e+02 8.891000000000000014e-01
7.800000000000000000e+02 1.800000000000000000e+02 8.620211408793557739e-01
8.000000000000000000e+02 1.800000000000000000e+02 8.389370000000000438e-01
