X Y Interpolated_Values
0.000000000000000000e+00 0.000000000000000000e+00 1.000000000000000000e+00
2.000000000000000000e+01 0.000000000000000000e+00 9.998090055309070134e-01
4.000000000000000000e+01 0.000000000000000000e+00 9.994079999999999631e-01
6.000000000000000000e+01 0.000000000000000000e+00 9.987039965428931021e-01
8.000000000000000000e+01 0.000000000000000000e+00 9.980759999999999632e-01
1.000000000000000000e+02 0.000000000000000000e+00 9.978671754909196334e-01
1.200000000000000000e+02 0.000000000000000000e+00 9.978310000000000235e-01
1.400000000000000000e+02 0.000000000000000000e+00 9.976133208874473635e-01
1.600000000000000000e+02 0.000000000000000000e+00 9.970689999999998721e-01
1.800000000000000000e+02 0.000000000000000000e+00 9.962202026448742087e-01
2.000000000000000000e+02 0.000000000000000000e+00 9.954199999999999715e-01
2.200000000000000000e+02 0.000000000000000000e+00 9.949196799812521919e-01
2.400000000000000000e+02 0.000000000000000000e+00 9.941619999999999902e-01
2.600000000000000000e+02 0.000000000000000000e+00 9.925859736779698572e-01
2.800000000000000000e+02 0.000000000000000000e+00 9.904800000000000271e-01
3.000000000000000000e+02 0.000000000000000000e+00 9.879793739596844926e-01
3.200000000000000000e+02 0.000000000000000000e+00 9.857449999999999823e-01
3.400000000000000000e+02 0.000000000000000000e+00 9.845844599097623995e-01
3.600000000000000000e+02 0.000000000000000000e+00 9.839449999999998475e-01
3.800000000000000000e+02 0.000000000000000000e+00 9.830100836166778544e-01
4.000000000000000000e+02 0.000000000000000000e+00 9.807670000000000554e-01
4.200000000000000000e+02 0.000000000000000000e+00 9.759614672575862571e-01
4.400000000000000000e+02 0.000000000000000000e+00 9.719259999999999566e-01
4.600000000000000000e+02 0.000000000000000000e+00 9.717629344482712206e-01
4.800000000000000000e+02 0.000000000000000000e+00 9.723840000000000261e-01
5.000000000000000000e+02 0.000000000000000000e+00 9.746338097645290688e-01
5.200000000000000000e+02 0.000000000000000000e+00 9.765040000000001497e-01
5.400000000000000000e+02 0.000000000000000000e+00 9.723027949698793693e-01
5.600000000000000000e+02 0.000000000000000000e+00 9.645590000000000552e-01
5.800000000000000000e+02 0.000000000000000000e+00 9.594817951566868564e-01
6.000000000000000000e+02 0.000000000000000000e+00 9.566339999999999844e-01
6.200000000000000000e+02 0.000000000000000000e+00 9.495552605494300691e-01
6.400000000000000000e+02 0.000000000000000000e+00 9.436520000000000463e-01
6.600000000000000000e+02 0.000000000000000000e+00 9.454764200479377489e-01
6.800000000000000000e+02 0.000000000000000000e+00 9.408490000000000464e-01
7.000000000000000000e+02 0.000000000000000000e+00 9.279669245320798510e-01
7.200000000000000000e+02 0.000000000000000000e+00 9.187699999999999756e-01
7.400000000000000000e+02 0.000000000000000000e+00 9.088323893922669594e-01
7.600000000000000000e+02 0.000000000000000000e+00 9.002339999999999787e-01
7.800000000000000000e+02 0.000000000000000000e+00 8.836207808639084949e-01
8.000000000000000000e+02 0.000000000000000000e+00 8.699620000000000131e-01
2.000000000000000000e+01 6.000000000000000000e+00 9.998234407643445953e-01
4.000000000000000000e+01 6.000000000000000000e+00 9.994283445734657434e-01
6.000000000000000000e+01 6.000000000000000000e+00 9.987738596678176206e-01
8.000000000000000000e+01 6.000000000000000000e+00 9.981816593572551133e-01
1.000000000000000000e+02 6.000000000000000000e+00 9.979946769246412774e-01
1.200000000000000000e+02 6.000000000000000000e+00 9.979862321553573112e-01
1.400000000000000000e+02 6.000000000000000000e+00 9.978203057408832066e-01
1.600000000000000000e+02 6.000000000000000000e+00 9.973342640637817835e-01
1.800000000000000000e+02 6.000000000000000000e+00 9.964788594807683086e-01
2.000000000000000000e+02 6.000000000000000000e+00 9.956424154294856166e-01
2.200000000000000000e+02 6.000000000000000000e+00 9.950703520386232626e-01
2.400000000000000000e+02 6.000000000000000000e+00 9.943002137275336327e-01
2.600000000000000000e+02 6.000000000000000000e+00 9.928656086039472362e-01
2.800000000000000000e+02 6.000000000000000000e+00 9.909473384438102217e-01
3.000000000000000000e+02 6.000000000000000000e+00 9.887896248329075544e-01
3.200000000000000000e+02 6.000000000000000000e+00 9.867638573001741298e-01
3.400000000000000000e+02 6.000000000000000000e+00 9.853799069224324914e-01
3.600000000000000000e+02 6.000000000000000000e+00 9.846488468077748690e-01
3.800000000000000000e+02 6.000000000000000000e+00 9.837906493497659000e-01
4.000000000000000000e+02 6.000000000000000000e+00 9.816053045776852448e-01
4.200000000000000000e+02 6.000000000000000000e+00 9.776851711718121951e-01
4.400000000000000000e+02 6.000000000000000000e+00 9.754593547025968148e-01
4.600000000000000000e+02 6.000000000000000000e+00 9.746221089622926215e-01
4.800000000000000000e+02 6.000000000000000000e+00 9.737267344734585883e-01
5.000000000000000000e+02 6.000000000000000000e+00 9.714329167912862939e-01
5.200000000000000000e+02 6.000000000000000000e+00 9.734907591447879982e-01
5.400000000000000000e+02 6.000000000000000000e+00 9.728715144106359070e-01
5.600000000000000000e+02 6.000000000000000000e+00 9.696856081785780734e-01
5.800000000000000000e+02 6.000000000000000000e+00 9.625802923623911767e-01
6.000000000000000000e+02 6.000000000000000000e+00 9.634234339832670191e-01
6.200000000000000000e+02 6.000000000000000000e+00 9.582516921597925563e-01
6.400000000000000000e+02 6.000000000000000000e+00 9.549613688622303753e-01
6.600000000000000000e+02 6.000000000000000000e+00 9.551825365576884774e-01
6.800000000000000000e+02 6.000000000000000000e+00 9.487012340059148841e-01
7.000000000000000000e+02 6.000000000000000000e+00 9.405288950944572512e-01
7.200000000000000000e+02 6.000000000000000000e+00 9.416693351350433616e-01
7.400000000000000000e+02 6.000000000000000000e+00 9.306713584204138190e-01
7.600000000000000000e+02 6.000000000000000000e+00 9.310426406678797839e-01
7.800000000000000000e+02 6.000000000000000000e+00 9.335061452212886079e-01
8.000000000000000000e+02 6.000000000000000000e+00 9.355868846589618926e-01
2.000000000000000000e+01 1.200000000000000000e+01 9.998377301832208630e-01
4.000000000000000000e+01 1.200000000000000000e+01 9.994479649124953236e-01
6.000000000000000000e+01 1.200000000000000000e+01 9.988376853878196959e-01
8.000000000000000000e+01 1.200000000000000000e+01 9.982814890558764365e-01
1.000000000000000000e+02 1.200000000000000000e+01 9.981237634895666622e-01
1.200000000000000000e+02 1.200000000000000000e+01 9.981374404004600409e-01
1.400000000000000000e+02 1.200000000000000000e+01 9.980342684190440794e-01
1.600000000000000000e+02 1.200000000000000000e+01 9.976036776224999070e-01
1.800000000000000000e+02 1.200000000000000000e+01 9.967337014003238016e-01
2.000000000000000000e+02 1.200000000000000000e+01 9.958758081609394575e-01
2.200000000000000000e+02 1.200000000000000000e+01 9.952222557564847083e-01
2.400000000000000000e+02 1.200000000000000000e+01 9.944573963524241389e-01
2.600000000000000000e+02 1.200000000000000000e+01 9.931231901028405584e-01
2.800000000000000000e+02 1.200000000000000000e+01 9.914223438041368519e-01
3.000000000000000000e+02 1.200000000000000000e+01 9.896159090294538441e-01
3.200000000000000000e+02 1.200000000000000000e+01 9.877704925474414255e-01
3.400000000000000000e+02 1.200000000000000000e+01 9.862646118606510637e-01
3.600000000000000000e+02 1.200000000000000000e+01 9.853837014582900178e-01
3.800000000000000000e+02 1.200000000000000000e+01 9.843600370065830329e-01
4.000000000000000000e+02 1.200000000000000000e+01 9.825104190747921962e-01
4.200000000000000000e+02 1.200000000000000000e+01 9.797186628208096604e-01
4.400000000000000000e+02 1.200000000000000000e+01 9.784452019273199852e-01
4.600000000000000000e+02 1.200000000000000000e+01 9.774497927051449819e-01
4.800000000000000000e+02 1.200000000000000000e+01 9.747506222516056917e-01
5.000000000000000000e+02 1.200000000000000000e+01 9.712193847587271556e-01
5.200000000000000000e+02 1.200000000000000000e+01 9.726082364675924241e-01
5.400000000000000000e+02 1.200000000000000000e+01 9.761527987075274693e-01
5.600000000000000000e+02 1.200000000000000000e+01 9.751601804903524684e-01
5.800000000000000000e+02 1.200000000000000000e+01 9.685082489670621131e-01
6.000000000000000000e+02 1.200000000000000000e+01 9.703882934469726385e-01
6.200000000000000000e+02 1.200000000000000000e+01 9.670836798978399429e-01
6.400000000000000000e+02 1.200000000000000000e+01 9.653408576569034727e-01
6.600000000000000000e+02 1.200000000000000000e+01 9.656131495352193728e-01
6.800000000000000000e+02 1.200000000000000000e+01 9.613906506517549966e-01
7.000000000000000000e+02 1.200000000000000000e+01 9.608417193663011391e-01
7.200000000000000000e+02 1.200000000000000000e+01 9.626409730351699334e-01
7.400000000000000000e+02 1.200000000000000000e+01 9.567750900266177583e-01
7.600000000000000000e+02 1.200000000000000000e+01 9.548937760263724872e-01
7.800000000000000000e+02 1.200000000000000000e+01 9.572520251832642435e-01
8.000000000000000000e+02 1.200000000000000000e+01 9.430299309578120681e-01
2.000000000000000000e+01 1.800000000000000000e+01 9.998519239844322337e-01
4.000000000000000000e+01 1.800000000000000000e+01 9.994669252300878437e-01
6.000000000000000000e+01 1.800000000000000000e+01 9.988957584384355881e-01
8.000000000000000000e+01 1.800000000000000000e+01 9.983756450369445368e-01
1.000000000000000000e+02 1.800000000000000000e+01 9.982536951328138120e-01
1.200000000000000000e+02 1.800000000000000000e+01 9.982844425767609664e-01
1.400000000000000000e+02 1.800000000000000000e+01 9.982462397170838164e-01
1.600000000000000000e+02 1.800000000000000000e+01 9.978732030530421682e-01
1.800000000000000000e+02 1.800000000000000000e+01 9.969917982470245521e-01
2.000000000000000000e+02 1.800000000000000000e+01 9.961209133868417220e-01
2.200000000000000000e+02 1.800000000000000000e+01 9.953938055282525177e-01
2.400000000000000000e+02 1.800000000000000000e+01 9.946390950438370737e-01
2.600000000000000000e+02 1.800000000000000000e+01 9.933987666030476005e-01
2.800000000000000000e+02 1.800000000000000000e+01 9.919129958208832143e-01
3.000000000000000000e+02 1.800000000000000000e+01 9.904292286737572670e-01
3.200000000000000000e+02 1.800000000000000000e+01 9.887580180484426551e-01
3.400000000000000000e+02 1.800000000000000000e+01 9.872545464264064208e-01
3.600000000000000000e+02 1.800000000000000000e+01 9.861876630319716952e-01
3.800000000000000000e+02 1.800000000000000000e+01 9.850945280794191072e-01
4.000000000000000000e+02 1.800000000000000000e+01 9.835582262377379203e-01
4.200000000000000000e+02 1.800000000000000000e+01 9.815783602829309951e-01
4.400000000000000000e+02 1.800000000000000000e+01 9.806374245800772993e-01
4.600000000000000000e+02 1.800000000000000000e+01 9.799173025676665150e-01
4.800000000000000000e+02 1.800000000000000000e+01 9.761501832966296144e-01
5.000000000000000000e+02 1.800000000000000000e+01 9.716283356689855433e-01
5.200000000000000000e+02 1.800000000000000000e+01 9.726745232539806274e-01
5.400000000000000000e+02 1.800000000000000000e+01 9.803423914494465707e-01
5.600000000000000000e+02 1.800000000000000000e+01 9.807464127847986823e-01
5.800000000000000000e+02 1.800000000000000000e+01 9.751361073557406334e-01
6.000000000000000000e+02 1.800000000000000000e+01 9.772750212558876104e-01
6.200000000000000000e+02 1.800000000000000000e+01 9.757338912427814259e-01
6.400000000000000000e+02 1.800000000000000000e+01 9.752757633222821632e-01
6.600000000000000000e+02 1.800000000000000000e+01 9.756502214946591867e-01
6.800000000000000000e+02 1.800000000000000000e+01 9.738150829339863312e-01
7.000000000000000000e+02 1.800000000000000000e+01 9.766495845124757436e-01
7.200000000000000000e+02 1.800000000000000000e+01 9.790764085056752331e-01
7.400000000000000000e+02 1.800000000000000000e+01 9.734084041434810652e-01
7.600000000000000000e+02 1.800000000000000000e+01 9.716320794444605058e-01
7.800000000000000000e+02 1.800000000000000000e+01 9.706424670116405862e-01
8.000000000000000000e+02 1.800000000000000000e+01 9.507080480109025844e-01
2.000000000000000000e+01 2.400000000000000000e+01 9.998660723648755688e-01
4.000000000000000000e+01 2.400000000000000000e+01 9.994852897392417779e-01
6.000000000000000000e+01 2.400000000000000000e+01 9.989483635552014462e-01
8.000000000000000000e+01 2.400000000000000000e+01 9.984642832415403513e-01
1.000000000000000000e+02 2.400000000000000000e+01 9.983837318015009732e-01
1.200000000000000000e+02 2.400000000000000000e+01 9.984270565257137298e-01
1.400000000000000000e+02 2.400000000000000000e+01 9.984371006626265865e-01
1.600000000000000000e+02 2.400000000000000000e+01 9.981388027322956047e-01
1.800000000000000000e+02 2.400000000000000000e+01 9.972658139628297613e-01
2.000000000000000000e+02 2.400000000000000000e+01 9.963784662996740815e-01
2.200000000000000000e+02 2.400000000000000000e+01 9.956022415415612947e-01
2.400000000000000000e+02 2.400000000000000000e+01 9.948508569709384464e-01
2.600000000000000000e+02 2.400000000000000000e+01 9.937085543891921446e-01
2.800000000000000000e+02 2.400000000000000000e+01 9.924272745203724932e-01
3.000000000000000000e+02 2.400000000000000000e+01 9.912115290304278625e-01
3.200000000000000000e+02 2.400000000000000000e+01 9.897153110634561157e-01
3.400000000000000000e+02 2.400000000000000000e+01 9.882155682590281209e-01
3.600000000000000000e+02 2.400000000000000000e+01 9.871055117078990637e-01
3.800000000000000000e+02 2.400000000000000000e+01 9.862409228458943744e-01
4.000000000000000000e+02 2.400000000000000000e+01 9.848713811720732902e-01
4.200000000000000000e+02 2.400000000000000000e+01 9.832354948651694793e-01
4.400000000000000000e+02 2.400000000000000000e+01 9.827574929958765582e-01
4.600000000000000000e+02 2.400000000000000000e+01 9.822327760196460922e-01
4.800000000000000000e+02 2.400000000000000000e+01 9.777388116116231265e-01
5.000000000000000000e+02 2.400000000000000000e+01 9.722978426621353698e-01
5.200000000000000000e+02 2.400000000000000000e+01 9.731948053916945618e-01
5.400000000000000000e+02 2.400000000000000000e+01 9.839274171200548258e-01
5.600000000000000000e+02 2.400000000000000000e+01 9.862080009113902701e-01
5.800000000000000000e+02 2.400000000000000000e+01 9.818659386211326945e-01
6.000000000000000000e+02 2.400000000000000000e+01 9.838300602747851453e-01
6.200000000000000000e+02 2.400000000000000000e+01 9.838023318052810939e-01
6.400000000000000000e+02 2.400000000000000000e+01 9.840369167696967345e-01
6.600000000000000000e+02 2.400000000000000000e+01 9.844668802424646481e-01
6.800000000000000000e+02 2.400000000000000000e+01 9.847601387474684831e-01
7.000000000000000000e+02 2.400000000000000000e+01 9.884446562082828125e-01
7.200000000000000000e+02 2.400000000000000000e+01 9.914170867057064962e-01
7.400000000000000000e+02 2.400000000000000000e+01 9.856446064600369317e-01
7.600000000000000000e+02 2.400000000000000000e+01 9.841402859990272534e-01
7.800000000000000000e+02 2.400000000000000000e+01 9.808211848963640511e-01
8.000000000000000000e+02 2.400000000000000000e+01 9.559346379091496759e-01
2.000000000000000000e+01 3.000000000000000000e+01 9.998802255214471746e-01
4.000000000000000000e+01 3.000000000000000000e+01 9.995031226529567103e-01
6.000000000000000000e+01 3.000000000000000000e+01 9.989957854736533083e-01
8.000000000000000000e+01 3.000000000000000000e+01 9.985475596107447060e-01
1.000000000000000000e+02 3.000000000000000000e+01 9.985131334427457261e-01
1.200000000000000000e+02 3.000000000000000000e+01 9.985651000887709738e-01
1.400000000000000000e+02 3.000000000000000000e+01 9.986115897455768442e-01
1.600000000000000000e+02 3.000000000000000000e+01 9.983964420904283266e-01
1.800000000000000000e+02 3.000000000000000000e+01 9.975602003109007576e-01
2.000000000000000000e+02 3.000000000000000000e+01 9.966492020919164307e-01
2.200000000000000000e+02 3.000000000000000000e+01 9.958548053217614049e-01
2.400000000000000000e+02 3.000000000000000000e+01 9.950982293028940440e-01
2.600000000000000000e+02 3.000000000000000000e+01 9.940632878271411510e-01
2.800000000000000000e+02 3.000000000000000000e+01 9.929833244269610226e-01
3.000000000000000000e+02 3.000000000000000000e+01 9.920035223627388099e-01
3.200000000000000000e+02 3.000000000000000000e+01 9.906362746180891188e-01
3.400000000000000000e+02 3.000000000000000000e+01 9.891852133244207756e-01
3.600000000000000000e+02 3.000000000000000000e+01 9.882236840639306852e-01
3.800000000000000000e+02 3.000000000000000000e+01 9.875522528952339618e-01
4.000000000000000000e+02 3.000000000000000000e+01 9.862671154717128630e-01
4.200000000000000000e+02 3.000000000000000000e+01 9.849790423106179471e-01
4.400000000000000000e+02 3.000000000000000000e+01 9.849295432505023040e-01
4.600000000000000000e+02 3.000000000000000000e+01 9.844556354620999095e-01
4.800000000000000000e+02 3.000000000000000000e+01 9.794540644265892215e-01
5.000000000000000000e+02 3.000000000000000000e+01 9.731679228500599299e-01
5.200000000000000000e+02 3.000000000000000000e+01 9.741105629574079439e-01
5.400000000000000000e+02 3.000000000000000000e+01 9.856206299210668043e-01
5.600000000000000000e+02 3.000000000000000000e+01 9.913086407196032290e-01
5.800000000000000000e+02 3.000000000000000000e+01 9.881206095142397450e-01
6.000000000000000000e+02 3.000000000000000000e+01 9.899374630135092668e-01
6.200000000000000000e+02 3.000000000000000000e+01 9.904878621059295396e-01
6.400000000000000000e+02 3.000000000000000000e+01 9.908831678234159002e-01
6.600000000000000000e+02 3.000000000000000000e+01 9.919237857583336204e-01
6.800000000000000000e+02 3.000000000000000000e+01 9.932963522385807043e-01
7.000000000000000000e+02 3.000000000000000000e+01 9.970654891962833499e-01
7.200000000000000000e+02 3.000000000000000000e+01 1.000668503642675899e+00
7.400000000000000000e+02 3.000000000000000000e+01 9.944270134766926006e-01
7.600000000000000000e+02 3.000000000000000000e+01 9.940634658451568129e-01
7.800000000000000000e+02 3.000000000000000000e+01 9.885984138096474139e-01
8.000000000000000000e+02 3.000000000000000000e+01 9.601520752026341254e-01
2.000000000000000000e+01 3.600000000000000000e+01 9.998944336510448005e-01
4.000000000000000000e+01 3.600000000000000000e+01 9.995204881842311151e-01
6.000000000000000000e+01 3.600000000000000000e+01 9.990383089293276564e-01
8.000000000000000000e+01 3.600000000000000000e+01 9.986256300856382051e-01
1.000000000000000000e+02 3.600000000000000000e+01 9.986411600036687597e-01
1.200000000000000000e+02 3.600000000000000000e+01 9.986983911073872289e-01
1.400000000000000000e+02 3.600000000000000000e+01 9.987725304010616201e-01
1.600000000000000000e+02 3.600000000000000000e+01 9.986421960808300469e-01
1.800000000000000000e+02 3.600000000000000000e+01 9.979222869442323507e-01
2.000000000000000000e+02 3.600000000000000000e+01 9.969338559560512181e-01
2.200000000000000000e+02 3.600000000000000000e+01 9.961568972713760184e-01
2.400000000000000000e+02 3.600000000000000000e+01 9.953900085674178833e-01
2.600000000000000000e+02 3.600000000000000000e+01 9.944723090729579162e-01
2.800000000000000000e+02 3.600000000000000000e+01 9.936223938083914575e-01
3.000000000000000000e+02 3.600000000000000000e+01 9.928785097677121918e-01
3.200000000000000000e+02 3.600000000000000000e+01 9.916349027724419285e-01
3.400000000000000000e+02 3.600000000000000000e+01 9.902446086761689248e-01
3.600000000000000000e+02 3.600000000000000000e+01 9.894293004982952500e-01
3.800000000000000000e+02 3.600000000000000000e+01 9.889669423972645701e-01
4.000000000000000000e+02 3.600000000000000000e+01 9.874747146352866878e-01
4.200000000000000000e+02 3.600000000000000000e+01 9.867714164806871135e-01
4.400000000000000000e+02 3.600000000000000000e+01 9.871159892053659179e-01
4.600000000000000000e+02 3.600000000000000000e+01 9.865725967264638019e-01
4.800000000000000000e+02 3.600000000000000000e+01 9.812359588534130816e-01
5.000000000000000000e+02 3.600000000000000000e+01 9.741245994986570400e-01
5.200000000000000000e+02 3.600000000000000000e+01 9.753604547394771895e-01
5.400000000000000000e+02 3.600000000000000000e+01 9.874723750366830588e-01
5.600000000000000000e+02 3.600000000000000000e+01 9.958120280589098927e-01
5.800000000000000000e+02 3.600000000000000000e+01 9.937583805750801469e-01
6.000000000000000000e+02 3.600000000000000000e+01 9.952632659980689134e-01
6.200000000000000000e+02 3.600000000000000000e+01 9.958686243329577525e-01
6.400000000000000000e+02 3.600000000000000000e+01 9.964984848007377716e-01
6.600000000000000000e+02 3.600000000000000000e+01 9.982006894745364400e-01
6.800000000000000000e+02 3.600000000000000000e+01 9.998263991289715324e-01
7.000000000000000000e+02 3.600000000000000000e+01 1.004077438754943818e+00
7.200000000000000000e+02 3.600000000000000000e+01 1.007885661739784444e+00
7.400000000000000000e+02 3.600000000000000000e+01 1.001307274398050007e+00
7.600000000000000000e+02 3.600000000000000000e+01 1.001934552451327010e+00
7.800000000000000000e+02 3.600000000000000000e+01 9.948852125482287034e-01
8.000000000000000000e+02 3.600000000000000000e+01 9.638112471870352582e-01
2.000000000000000000e+01 4.200000000000000000e+01 9.999087469505645309e-01
4.000000000000000000e+01 4.200000000000000000e+01 9.995374505460641323e-01
6.000000000000000000e+01 4.200000000000000000e+01 9.990762186577604176e-01
8.000000000000000000e+01 4.200000000000000000e+01 9.986986506073017855e-01
1.000000000000000000e+02 4.200000000000000000e+01 9.987670714313853226e-01
1.200000000000000000e+02 4.200000000000000000e+01 9.988267474230139165e-01
1.400000000000000000e+02 4.200000000000000000e+01 9.989208946103902420e-01
1.600000000000000000e+02 4.200000000000000000e+01 9.988700683876364783e-01
1.800000000000000000e+02 4.200000000000000000e+01 9.983020744626973642e-01
2.000000000000000000e+02 4.200000000000000000e+01 9.972331630845582273e-01
2.200000000000000000e+02 4.200000000000000000e+01 9.964847875122722076e-01
2.400000000000000000e+02 4.200000000000000000e+01 9.957508395707455051e-01
2.600000000000000000e+02 4.200000000000000000e+01 9.949725609929316317e-01
2.800000000000000000e+02 4.200000000000000000e+01 9.943422541725915886e-01
3.000000000000000000e+02 4.200000000000000000e+01 9.937432571586307661e-01
3.200000000000000000e+02 4.200000000000000000e+01 9.926899308456524906e-01
3.400000000000000000e+02 4.200000000000000000e+01 9.913571324934045137e-01
3.600000000000000000e+02 4.200000000000000000e+01 9.906735791737442121e-01
3.800000000000000000e+02 4.200000000000000000e+01 9.904395868794273472e-01
4.000000000000000000e+02 4.200000000000000000e+01 9.886004465197028024e-01
4.200000000000000000e+02 4.200000000000000000e+01 9.885750312367880266e-01
4.400000000000000000e+02 4.200000000000000000e+01 9.892731219495436434e-01
4.600000000000000000e+02 4.200000000000000000e+01 9.885731469840628449e-01
4.800000000000000000e+02 4.200000000000000000e+01 9.830245120039790008e-01
5.000000000000000000e+02 4.200000000000000000e+01 9.749835259051652381e-01
5.200000000000000000e+02 4.200000000000000000e+01 9.768893485013507849e-01
5.400000000000000000e+02 4.200000000000000000e+01 9.895177860036319384e-01
5.600000000000000000e+02 4.200000000000000000e+01 9.994759232663794624e-01
5.800000000000000000e+02 4.200000000000000000e+01 9.983264937967424313e-01
6.000000000000000000e+02 4.200000000000000000e+01 9.996547798273269780e-01
6.200000000000000000e+02 4.200000000000000000e+01 1.000223236184398123e+00
6.400000000000000000e+02 4.200000000000000000e+01 1.001099337460246597e+00
6.600000000000000000e+02 4.200000000000000000e+01 1.003319859486017984e+00
6.800000000000000000e+02 4.200000000000000000e+01 1.004836604440188408e+00
7.000000000000000000e+02 4.200000000000000000e+01 1.009935324988517236e+00
7.200000000000000000e+02 4.200000000000000000e+01 1.013313684602746401e+00
7.400000000000000000e+02 4.200000000000000000e+01 1.006870117200193260e+00
7.600000000000000000e+02 4.200000000000000000e+01 1.007969838575546229e+00
7.800000000000000000e+02 4.200000000000000000e+01 9.998499210251908798e-01
8.000000000000000000e+02 4.200000000000000000e+01 9.670481606291699839e-01
2.000000000000000000e+01 4.800000000000000000e+01 9.999232646049946993e-01
4.000000000000000000e+01 4.800000000000000000e+01 9.995540739514543471e-01
6.000000000000000000e+01 4.800000000000000000e+01 9.991098530946536105e-01
8.000000000000000000e+01 4.800000000000000000e+01 9.987667771168164954e-01
1.000000000000000000e+02 4.800000000000000000e+01 9.988898274201499783e-01
1.200000000000000000e+02 4.800000000000000000e+01 9.989499868771061220e-01
1.400000000000000000e+02 4.800000000000000000e+01 9.990576543548712607e-01
1.600000000000000000e+02 4.800000000000000000e+01 9.990765703753604621e-01
1.800000000000000000e+02 4.800000000000000000e+01 9.986296525175201166e-01
2.000000000000000000e+02 4.800000000000000000e+01 9.975478586699184635e-01
2.200000000000000000e+02 4.800000000000000000e+01 9.968330726929451879e-01
2.400000000000000000e+02 4.800000000000000000e+01 9.962106119972313767e-01
2.600000000000000000e+02 4.800000000000000000e+01 9.954711197076427931e-01
2.800000000000000000e+02 4.800000000000000000e+01 9.951130926645691543e-01
3.000000000000000000e+02 4.800000000000000000e+01 9.945022053635331760e-01
3.200000000000000000e+02 4.800000000000000000e+01 9.937665423049252267e-01
3.400000000000000000e+02 4.800000000000000000e+01 9.924084144165876697e-01
3.600000000000000000e+02 4.800000000000000000e+01 9.919341332103130959e-01
3.800000000000000000e+02 4.800000000000000000e+01 9.919247818691603324e-01
4.000000000000000000e+02 4.800000000000000000e+01 9.897839569846655916e-01
4.200000000000000000e+02 4.800000000000000000e+01 9.903470210241376304e-01
4.400000000000000000e+02 4.800000000000000000e+01 9.912641393667529499e-01
4.600000000000000000e+02 4.800000000000000000e+01 9.904467734062230022e-01
4.800000000000000000e+02 4.800000000000000000e+01 9.847597409901709398e-01
5.000000000000000000e+02 4.800000000000000000e+01 9.757397844656190422e-01
5.200000000000000000e+02 4.800000000000000000e+01 9.786421120064773271e-01
5.400000000000000000e+02 4.800000000000000000e+01 9.917205580266843512e-01
5.600000000000000000e+02 4.800000000000000000e+01 1.001962109649553456e+00
5.800000000000000000e+02 4.800000000000000000e+01 1.001999880496414086e+00
6.000000000000000000e+02 4.800000000000000000e+01 1.003279926809689027e+00
6.200000000000000000e+02 4.800000000000000000e+01 1.003754034385526461e+00
6.400000000000000000e+02 4.800000000000000000e+01 1.004913274954870817e+00
6.600000000000000000e+02 4.800000000000000000e+01 1.007345686913430516e+00
6.800000000000000000e+02 4.800000000000000000e+01 1.008600504270771747e+00
7.000000000000000000e+02 4.800000000000000000e+01 1.014727079016600753e+00
7.200000000000000000e+02 4.800000000000000000e+01 1.017134747984414833e+00
7.400000000000000000e+02 4.800000000000000000e+01 1.011331382497893561e+00
7.600000000000000000e+02 4.800000000000000000e+01 1.012385616975821634e+00
7.800000000000000000e+02 4.800000000000000000e+01 1.003618165176553223e+00
8.000000000000000000e+02 4.800000000000000000e+01 9.699988222958545458e-01
2.000000000000000000e+01 5.400000000000000000e+01 9.999383693574588339e-01
4.000000000000000000e+01 5.400000000000000000e+01 9.995704226134013437e-01
6.000000000000000000e+01 5.400000000000000000e+01 9.991397568774320614e-01
8.000000000000000000e+01 5.400000000000000000e+01 9.988301655552628278e-01
1.000000000000000000e+02 5.400000000000000000e+01 9.990071169828151909e-01
1.200000000000000000e+02 5.400000000000000000e+01 9.990679273111151559e-01
1.400000000000000000e+02 5.400000000000000000e+01 9.991837816158138930e-01
1.600000000000000000e+02 5.400000000000000000e+01 9.992655257295053328e-01
1.800000000000000000e+02 5.400000000000000000e+01 9.989179286442307903e-01
2.000000000000000000e+02 5.400000000000000000e+01 9.978786779046139310e-01
2.200000000000000000e+02 5.400000000000000000e+01 9.972261311349521762e-01
2.400000000000000000e+02 5.400000000000000000e+01 9.967656158318688453e-01
2.600000000000000000e+02 5.400000000000000000e+01 9.960055961291180981e-01
2.800000000000000000e+02 5.400000000000000000e+01 9.959051760536941078e-01
3.000000000000000000e+02 5.400000000000000000e+01 9.952676462894588516e-01
3.200000000000000000e+02 5.400000000000000000e+01 9.948284627490501242e-01
3.400000000000000000e+02 5.400000000000000000e+01 9.933341737624444834e-01
3.600000000000000000e+02 5.400000000000000000e+01 9.931885757280369820e-01
3.800000000000000000e+02 5.400000000000000000e+01 9.933676877276975681e-01
4.000000000000000000e+02 5.400000000000000000e+01 9.909969540535809029e-01
4.200000000000000000e+02 5.400000000000000000e+01 9.920483911283739520e-01
4.400000000000000000e+02 5.400000000000000000e+01 9.930202197352293592e-01
4.600000000000000000e+02 5.400000000000000000e+01 9.921829631642695713e-01
4.800000000000000000e+02 5.400000000000000000e+01 9.863816629238741918e-01
5.000000000000000000e+02 5.400000000000000000e+01 9.764184308878520735e-01
5.200000000000000000e+02 5.400000000000000000e+01 9.805636130183063015e-01
5.400000000000000000e+02 5.400000000000000000e+01 9.940136024200330045e-01
5.600000000000000000e+02 5.400000000000000000e+01 1.003860045885818231e+00
5.800000000000000000e+02 5.400000000000000000e+01 1.004976404853339167e+00
6.000000000000000000e+02 5.400000000000000000e+01 1.006194919585554182e+00
6.200000000000000000e+02 5.400000000000000000e+01 1.006568361251982680e+00
6.400000000000000000e+02 5.400000000000000000e+01 1.008009728504460689e+00
6.600000000000000000e+02 5.400000000000000000e+01 1.010342263310602284e+00
6.800000000000000000e+02 5.400000000000000000e+01 1.011250490764649346e+00
7.000000000000000000e+02 5.400000000000000000e+01 1.017833191917983271e+00
7.200000000000000000e+02 5.400000000000000000e+01 1.019531027637643694e+00
7.400000000000000000e+02 5.400000000000000000e+01 1.014905861229482120e+00
7.600000000000000000e+02 5.400000000000000000e+01 1.015302350268133758e+00
7.800000000000000000e+02 5.400000000000000000e+01 1.006296227774698071e+00
8.000000000000000000e+02 5.400000000000000000e+01 9.727992389539059648e-01
2.000000000000000000e+01 6.000000000000000000e+01 9.999542590825595267e-01
4.000000000000000000e+01 6.000000000000000000e+01 9.995865607449039292e-01
6.000000000000000000e+01 6.000000000000000000e+01 9.991661092329728877e-01
8.000000000000000000e+01 6.000000000000000000e+01 9.988889718637217197e-01
1.000000000000000000e+02 6.000000000000000000e+01 9.991184890811315444e-01
1.200000000000000000e+02 6.000000000000000000e+01 9.991803865664958817e-01
1.400000000000000000e+02 6.000000000000000000e+01 9.993002483745270226e-01
1.600000000000000000e+02 6.000000000000000000e+01 9.994380086920050532e-01
1.800000000000000000e+02 6.000000000000000000e+01 9.991789923760650005e-01
2.000000000000000000e+02 6.000000000000000000e+01 9.982286871006761375e-01
2.200000000000000000e+02 6.000000000000000000e+01 9.976938754273511067e-01
2.400000000000000000e+02 6.000000000000000000e+01 9.973728540965230982e-01
2.600000000000000000e+02 6.000000000000000000e+01 9.965685889926572116e-01
2.800000000000000000e+02 6.000000000000000000e+01 9.966887711093364022e-01
3.000000000000000000e+02 6.000000000000000000e+01 9.960362774342961245e-01
3.200000000000000000e+02 6.000000000000000000e+01 9.958361173631166130e-01
3.400000000000000000e+02 6.000000000000000000e+01 9.941227594112740373e-01
3.600000000000000000e+02 6.000000000000000000e+01 9.944145198469525049e-01
3.800000000000000000e+02 6.000000000000000000e+01 9.946759783107974595e-01
4.000000000000000000e+02 6.000000000000000000e+01 9.922105260163037732e-01
4.200000000000000000e+02 6.000000000000000000e+01 9.936569530521602855e-01
4.400000000000000000e+02 6.000000000000000000e+01 9.945083696640595328e-01
4.600000000000000000e+02 6.000000000000000000e+01 9.937712034295277386e-01
4.800000000000000000e+02 6.000000000000000000e+01 9.878330437068656433e-01
5.000000000000000000e+02 6.000000000000000000e+01 9.773951035472802085e-01
5.200000000000000000e+02 6.000000000000000000e+01 9.825987193002853060e-01
5.400000000000000000e+02 6.000000000000000000e+01 9.963298304978670528e-01
5.600000000000000000e+02 6.000000000000000000e+01 1.005585408890309118e+00
5.800000000000000000e+02 6.000000000000000000e+01 1.007295522587722258e+00
6.000000000000000000e+02 6.000000000000000000e+01 1.008445307173262195e+00
6.200000000000000000e+02 6.000000000000000000e+01 1.008723679483397806e+00
6.400000000000000000e+02 6.000000000000000000e+01 1.010448249712410318e+00
6.600000000000000000e+02 6.000000000000000000e+01 1.012372885069604100e+00
6.800000000000000000e+02 6.000000000000000000e+01 1.012918956065749665e+00
7.000000000000000000e+02 6.000000000000000000e+01 1.019239308696940460e+00
7.200000000000000000e+02 6.000000000000000000e+01 1.020635454664540420e+00
7.400000000000000000e+02 6.000000000000000000e+01 1.017069950248710830e+00
7.600000000000000000e+02 6.000000000000000000e+01 1.016420899235085828e+00
7.800000000000000000e+02 6.000000000000000000e+01 1.007354990785115145e+00
8.000000000000000000e+02 6.000000000000000000e+01 9.755837582392082874e-01
2.000000000000000000e+01 6.600000000000000000e+01 9.999710869576634575e-01
4.000000000000000000e+01 6.600000000000000000e+01 9.996025525589606886e-01
6.000000000000000000e+01 6.600000000000000000e+01 9.991890287658649061e-01
8.000000000000000000e+01 6.600000000000000000e+01 9.989433519832742192e-01
1.000000000000000000e+02 6.600000000000000000e+01 9.992238185500398329e-01
1.200000000000000000e+02 6.600000000000000000e+01 9.992871824847009421e-01
1.400000000000000000e+02 6.600000000000000000e+01 9.994080266123205325e-01
1.600000000000000000e+02 6.600000000000000000e+01 9.995949912441690621e-01
1.800000000000000000e+02 6.600000000000000000e+01 9.994159384478223940e-01
2.000000000000000000e+02 6.600000000000000000e+01 9.985909190829022064e-01
2.200000000000000000e+02 6.600000000000000000e+01 9.981134206769307626e-01
2.400000000000000000e+02 6.600000000000000000e+01 9.979885725705709421e-01
2.600000000000000000e+02 6.600000000000000000e+01 9.971453629192440493e-01
2.800000000000000000e+02 6.600000000000000000e+01 9.974296480123163722e-01
3.000000000000000000e+02 6.600000000000000000e+01 9.967894807934077894e-01
3.200000000000000000e+02 6.600000000000000000e+01 9.967721203103322436e-01
3.400000000000000000e+02 6.600000000000000000e+01 9.949066440146078216e-01
3.600000000000000000e+02 6.600000000000000000e+01 9.955895786870954112e-01
3.800000000000000000e+02 6.600000000000000000e+01 9.958094600437830124e-01
4.000000000000000000e+02 6.600000000000000000e+01 9.933962789262804627e-01
4.200000000000000000e+02 6.600000000000000000e+01 9.951508500389931733e-01
4.400000000000000000e+02 6.600000000000000000e+01 9.956955957623297992e-01
4.600000000000000000e+02 6.600000000000000000e+01 9.952009813733239119e-01
4.800000000000000000e+02 6.600000000000000000e+01 9.890939711297019876e-01
5.000000000000000000e+02 6.600000000000000000e+01 9.787525962223054821e-01
5.200000000000000000e+02 6.600000000000000000e+01 9.846922986158633817e-01
5.400000000000000000e+02 6.600000000000000000e+01 9.986021535743783151e-01
5.600000000000000000e+02 6.600000000000000000e+01 1.006874254376870059e+00
5.800000000000000000e+02 6.600000000000000000e+01 1.008972702013324563e+00
6.000000000000000000e+02 6.600000000000000000e+01 1.010055482182770303e+00
6.200000000000000000e+02 6.600000000000000000e+01 1.010277451779405533e+00
6.400000000000000000e+02 6.600000000000000000e+01 1.012130465665511680e+00
6.600000000000000000e+02 6.600000000000000000e+01 1.013501080794932951e+00
6.800000000000000000e+02 6.600000000000000000e+01 1.013738292318000056e+00
7.000000000000000000e+02 6.600000000000000000e+01 1.019105733236843836e+00
7.200000000000000000e+02 6.600000000000000000e+01 1.020359054218603845e+00
7.400000000000000000e+02 6.600000000000000000e+01 1.017393540736746926e+00
7.600000000000000000e+02 6.600000000000000000e+01 1.015906627903556458e+00
7.800000000000000000e+02 6.600000000000000000e+01 1.006686593798693519e+00
8.000000000000000000e+02 6.600000000000000000e+01 9.782121969048750421e-01
2.000000000000000000e+01 7.200000000000000000e+01 9.999890061601359736e-01
4.000000000000000000e+01 7.200000000000000000e+01 9.996184622685712062e-01
6.000000000000000000e+01 7.200000000000000000e+01 9.992086340806967115e-01
8.000000000000000000e+01 7.200000000000000000e+01 9.989934618550010414e-01
1.000000000000000000e+02 7.200000000000000000e+01 9.993229802244815163e-01
1.200000000000000000e+02 7.200000000000000000e+01 9.993881329071835351e-01
1.400000000000000000e+02 7.200000000000000000e+01 9.995081247223919219e-01
1.600000000000000000e+02 7.200000000000000000e+01 9.997374453673064654e-01
1.800000000000000000e+02 7.200000000000000000e+01 9.996312527640961454e-01
2.000000000000000000e+02 7.200000000000000000e+01 9.989358029478986323e-01
2.200000000000000000e+02 7.200000000000000000e+01 9.985646320018405353e-01
2.400000000000000000e+02 7.200000000000000000e+01 9.985709026227976848e-01
2.600000000000000000e+02 7.200000000000000000e+01 9.977193777563806432e-01
2.800000000000000000e+02 7.200000000000000000e+01 9.980948188327656290e-01
3.000000000000000000e+02 7.200000000000000000e+01 9.975077957831499642e-01
3.200000000000000000e+02 7.200000000000000000e+01 9.976228971714339311e-01
3.400000000000000000e+02 7.200000000000000000e+01 9.957311241192694506e-01
3.600000000000000000e+02 7.200000000000000000e+01 9.966913653685008923e-01
3.800000000000000000e+02 7.200000000000000000e+01 9.967364761888528601e-01
4.000000000000000000e+02 7.200000000000000000e+01 9.945318299403093087e-01
4.200000000000000000e+02 7.200000000000000000e+01 9.965082253323707118e-01
4.400000000000000000e+02 7.200000000000000000e+01 9.966701635777062140e-01
4.600000000000000000e+02 7.200000000000000000e+01 9.964617841669827225e-01
4.800000000000000000e+02 7.200000000000000000e+01 9.901700131282524797e-01
5.000000000000000000e+02 7.200000000000000000e+01 9.804104569830767169e-01
5.200000000000000000e+02 7.200000000000000000e+01 9.867892187284886818e-01
5.400000000000000000e+02 7.200000000000000000e+01 1.000709590691500228e+00
5.600000000000000000e+02 7.200000000000000000e+01 1.007875049347499496e+00
5.800000000000000000e+02 7.200000000000000000e+01 1.010076808022893013e+00
6.000000000000000000e+02 7.200000000000000000e+01 1.011107587593605306e+00
6.200000000000000000e+02 7.200000000000000000e+01 1.011287140839637777e+00
6.400000000000000000e+02 7.200000000000000000e+01 1.012965692302142617e+00
6.600000000000000000e+02 7.200000000000000000e+01 1.013851875145049597e+00
6.800000000000000000e+02 7.200000000000000000e+01 1.013840891665328536e+00
7.000000000000000000e+02 7.200000000000000000e+01 1.017592769421065135e+00
7.200000000000000000e+02 7.200000000000000000e+01 1.018855549273560035e+00
7.400000000000000000e+02 7.200000000000000000e+01 1.016076532831982737e+00
7.600000000000000000e+02 7.200000000000000000e+01 1.014006438579390768e+00
7.800000000000000000e+02 7.200000000000000000e+01 1.004535548919108789e+00
8.000000000000000000e+02 7.200000000000000000e+01 9.805716457492675842e-01
2.000000000000000000e+01 7.800000000000000000e+01 1.000008169867342644e+00
4.000000000000000000e+01 7.800000000000000000e+01 9.996343540867336230e-01
6.000000000000000000e+01 7.800000000000000000e+01 9.992250437820573428e-01
8.000000000000000000e+01 7.800000000000000000e+01 9.990394574199824573e-01
1.000000000000000000e+02 7.800000000000000000e+01 9.994158489393978329e-01
1.200000000000000000e+02 7.800000000000000000e+01 9.994830556753966366e-01
1.400000000000000000e+02 7.800000000000000000e+01 9.996021186167065586e-01
1.600000000000000000e+02 7.800000000000000000e+01 9.998663430427257026e-01
1.800000000000000000e+02 7.800000000000000000e+01 9.998261987432365272e-01
2.000000000000000000e+02 7.800000000000000000e+01 9.992603635291040787e-01
2.200000000000000000e+02 7.800000000000000000e+01 9.990318267971823873e-01
2.400000000000000000e+02 7.800000000000000000e+01 9.990873397356303531e-01
2.600000000000000000e+02 7.800000000000000000e+01 9.982740933515666937e-01
2.800000000000000000e+02 7.800000000000000000e+01 9.986572576819700009e-01
3.000000000000000000e+02 7.800000000000000000e+01 9.981767516000346063e-01
3.200000000000000000e+02 7.800000000000000000e+01 9.983748735271569252e-01
3.400000000000000000e+02 7.800000000000000000e+01 9.965686913693102555e-01
3.600000000000000000e+02 7.800000000000000000e+01 9.976974930112041395e-01
3.800000000000000000e+02 7.800000000000000000e+01 9.974253700082061913e-01
4.000000000000000000e+02 7.800000000000000000e+01 9.955953207531913485e-01
4.200000000000000000e+02 7.800000000000000000e+01 9.977072221757899984e-01
4.400000000000000000e+02 7.800000000000000000e+01 9.975394210375220228e-01
4.600000000000000000e+02 7.800000000000000000e+01 9.975430989818302452e-01
4.800000000000000000e+02 7.800000000000000000e+01 9.910670939890193765e-01
5.000000000000000000e+02 7.800000000000000000e+01 9.822882338997408480e-01
5.200000000000000000e+02 7.800000000000000000e+01 9.888343474016105805e-01
5.400000000000000000e+02 7.800000000000000000e+01 1.002479164350931651e+00
5.600000000000000000e+02 7.800000000000000000e+01 1.008550674979884709e+00
5.800000000000000000e+02 7.800000000000000000e+01 1.010716460592194776e+00
6.000000000000000000e+02 7.800000000000000000e+01 1.011888875973007362e+00
6.200000000000000000e+02 7.800000000000000000e+01 1.011808154348529998e+00
6.400000000000000000e+02 7.800000000000000000e+01 1.013138028255346823e+00
6.600000000000000000e+02 7.800000000000000000e+01 1.013646289233757880e+00
6.800000000000000000e+02 7.800000000000000000e+01 1.013359146251663123e+00
7.000000000000000000e+02 7.800000000000000000e+01 1.015217194079056862e+00
7.200000000000000000e+02 7.800000000000000000e+01 1.016322496433446965e+00
7.400000000000000000e+02 7.800000000000000000e+01 1.013319099921979216e+00
7.600000000000000000e+02 7.800000000000000000e+01 1.010967233568435431e+00
7.800000000000000000e+02 7.800000000000000000e+01 1.001146368250037666e+00
8.000000000000000000e+02 7.800000000000000000e+01 9.827297351671747672e-01
2.000000000000000000e+01 8.400000000000000000e+01 1.000028731256648262e+00
4.000000000000000000e+01 8.400000000000000000e+01 9.996502922264477453e-01
6.000000000000000000e+01 8.400000000000000000e+01 9.992383764745353947e-01
8.000000000000000000e+01 8.400000000000000000e+01 9.990814946193000701e-01
1.000000000000000000e+02 8.400000000000000000e+01 9.995022995297303536e-01
1.200000000000000000e+02 8.400000000000000000e+01 9.995717686307936667e-01
1.400000000000000000e+02 8.400000000000000000e+01 9.996903251367091903e-01
1.600000000000000000e+02 8.400000000000000000e+01 9.999826566602969535e-01
1.800000000000000000e+02 8.400000000000000000e+01 1.000003129214292130e+00
2.000000000000000000e+02 8.400000000000000000e+01 9.995589633414787567e-01
2.200000000000000000e+02 8.400000000000000000e+01 9.994945535852921559e-01
2.400000000000000000e+02 8.400000000000000000e+01 9.995069511722095568e-01
2.600000000000000000e+02 8.400000000000000000e+01 9.987929695523021234e-01
2.800000000000000000e+02 8.400000000000000000e+01 9.990899426658369498e-01
3.000000000000000000e+02 8.400000000000000000e+01 9.987827780408095046e-01
3.200000000000000000e+02 8.400000000000000000e+01 9.990144023904484749e-01
3.400000000000000000e+02 8.400000000000000000e+01 9.973918374087795691e-01
3.600000000000000000e+02 8.400000000000000000e+01 9.985855747352421208e-01
3.800000000000000000e+02 8.400000000000000000e+01 9.978500379173075308e-01
4.000000000000000000e+02 8.400000000000000000e+01 9.965648930597296173e-01
4.200000000000000000e+02 8.400000000000000000e+01 9.987259838127480194e-01
4.400000000000000000e+02 8.400000000000000000e+01 9.982887851816641955e-01
4.600000000000000000e+02 8.400000000000000000e+01 9.984344129891914443e-01
4.800000000000000000e+02 8.400000000000000000e+01 9.917911379985021592e-01
5.000000000000000000e+02 8.400000000000000000e+01 9.843054750424459209e-01
5.200000000000000000e+02 8.400000000000000000e+01 9.907725523986775640e-01
5.400000000000000000e+02 8.400000000000000000e+01 1.003825532389841513e+00
5.600000000000000000e+02 8.400000000000000000e+01 1.008754070568375516e+00
5.800000000000000000e+02 8.400000000000000000e+01 1.010907101496276495e+00
6.000000000000000000e+02 8.400000000000000000e+01 1.012388584269776848e+00
6.200000000000000000e+02 8.400000000000000000e+01 1.011890984803094584e+00
6.400000000000000000e+02 8.400000000000000000e+01 1.012947783108718358e+00
6.600000000000000000e+02 8.400000000000000000e+01 1.013106929542196166e+00
6.800000000000000000e+02 8.400000000000000000e+01 1.012363777295115286e+00
7.000000000000000000e+02 8.400000000000000000e+01 1.012804931878201753e+00
7.200000000000000000e+02 8.400000000000000000e+01 1.013024933528835270e+00
7.400000000000000000e+02 8.400000000000000000e+01 1.010065785689104656e+00
7.600000000000000000e+02 8.400000000000000000e+01 1.007055994276245148e+00
7.800000000000000000e+02 8.400000000000000000e+01 9.972660227704496227e-01
8.000000000000000000e+02 8.400000000000000000e+01 9.847540955533848894e-01
2.000000000000000000e+01 9.000000000000000000e+01 1.000050843505419618e+00
4.000000000000000000e+01 9.000000000000000000e+01 9.996663409007119361e-01
6.000000000000000000e+01 9.000000000000000000e+01 9.992487507627196841e-01
8.000000000000000000e+01 9.000000000000000000e+01 9.991197293940341506e-01
1.000000000000000000e+02 9.000000000000000000e+01 9.995822068304203167e-01
1.200000000000000000e+02 9.000000000000000000e+01 9.996540896148280453e-01
1.400000000000000000e+02 9.000000000000000000e+01 9.997725621238531257e-01
1.600000000000000000e+02 9.000000000000000000e+01 1.000089437301478812e+00
1.800000000000000000e+02 9.000000000000000000e+01 1.000170059886692275e+00
2.000000000000000000e+02 9.000000000000000000e+01 9.998011980756700279e-01
2.200000000000000000e+02 9.000000000000000000e+01 9.999323512011897286e-01
2.400000000000000000e+02 9.000000000000000000e+01 9.998449581587994794e-01
2.600000000000000000e+02 9.000000000000000000e+01 9.992594662060872990e-01
2.800000000000000000e+02 9.000000000000000000e+01 9.993754615530262564e-01
3.000000000000000000e+02 9.000000000000000000e+01 9.993123049022250015e-01
3.200000000000000000e+02 9.000000000000000000e+01 9.995260584538963045e-01
3.400000000000000000e+02 9.000000000000000000e+01 9.981730538817279452e-01
3.600000000000000000e+02 9.000000000000000000e+01 9.993332236606500274e-01
3.800000000000000000e+02 9.000000000000000000e+01 9.981998552471975650e-01
4.000000000000000000e+02 9.000000000000000000e+01 9.974186885547248194e-01
4.200000000000000000e+02 9.000000000000000000e+01 9.995417108844805165e-01
4.400000000000000000e+02 9.000000000000000000e+01 9.989036486034164053e-01
4.600000000000000000e+02 9.000000000000000000e+01 9.991252133603922836e-01
4.800000000000000000e+02 9.000000000000000000e+01 9.923480694432023075e-01
5.000000000000000000e+02 9.000000000000000000e+01 9.863817284813398700e-01
5.200000000000000000e+02 9.000000000000000000e+01 9.925487014831387844e-01
5.400000000000000000e+02 9.000000000000000000e+01 1.004665214688327035e+00
5.600000000000000000e+02 9.000000000000000000e+01 1.008518430654006925e+00
5.800000000000000000e+02 9.000000000000000000e+01 1.010662772043189994e+00
6.000000000000000000e+02 9.000000000000000000e+01 1.012468462927167634e+00
6.200000000000000000e+02 9.000000000000000000e+01 1.011562974478816157e+00
6.400000000000000000e+02 9.000000000000000000e+01 1.012323669008995619e+00
6.600000000000000000e+02 9.000000000000000000e+01 1.012321386386608069e+00
6.800000000000000000e+02 9.000000000000000000e+01 1.011212831880866414e+00
7.000000000000000000e+02 9.000000000000000000e+01 1.010931750958677711e+00
7.200000000000000000e+02 9.000000000000000000e+01 1.010305900843668780e+00
7.400000000000000000e+02 9.000000000000000000e+01 1.007578718336361590e+00
7.600000000000000000e+02 9.000000000000000000e+01 1.003901561521254759e+00
7.800000000000000000e+02 9.000000000000000000e+01 9.948214872389428143e-01
8.000000000000000000e+02 9.000000000000000000e+01 9.867439445320604907e-01
4.000000000000000000e+01 9.600000000000000000e+01 9.996825643225253355e-01
6.000000000000000000e+01 9.600000000000000000e+01 9.992579049873913100e-01
8.000000000000000000e+01 9.600000000000000000e+01 9.991543176852657471e-01
1.000000000000000000e+02 9.600000000000000000e+01 9.996535691905245047e-01
1.200000000000000000e+02 9.600000000000000000e+01 9.997298364689528594e-01
1.400000000000000000e+02 9.600000000000000000e+01 9.998486474195917850e-01
1.600000000000000000e+02 9.600000000000000000e+01 1.000188556877148249e+00
1.800000000000000000e+02 9.600000000000000000e+01 1.000327612747430317e+00
2.000000000000000000e+02 9.600000000000000000e+01 9.999661212017753043e-01
2.200000000000000000e+02 9.600000000000000000e+01 1.000312583712688719e+00
2.400000000000000000e+02 9.600000000000000000e+01 1.000180639540654060e+00
2.600000000000000000e+02 9.600000000000000000e+01 9.996570431604222540e-01
2.800000000000000000e+02 9.600000000000000000e+01 9.996222539631574033e-01
3.000000000000000000e+02 9.600000000000000000e+01 9.997517619810298850e-01
3.200000000000000000e+02 9.600000000000000000e+01 9.998932766525793214e-01
3.400000000000000000e+02 9.600000000000000000e+01 9.988848324322053829e-01
3.600000000000000000e+02 9.600000000000000000e+01 9.999180529074632728e-01
3.800000000000000000e+02 9.600000000000000000e+01 9.985601913617887515e-01
4.000000000000000000e+02 9.600000000000000000e+01 9.981348489329778806e-01
4.200000000000000000e+02 9.600000000000000000e+01 1.000118368157964843e+00
4.400000000000000000e+02 9.600000000000000000e+01 9.993694038960594384e-01
4.600000000000000000e+02 9.600000000000000000e+01 9.996049872667578384e-01
4.800000000000000000e+02 9.600000000000000000e+01 9.927438126096203019e-01
5.000000000000000000e+02 9.600000000000000000e+01 9.884365422865700745e-01
5.200000000000000000e+02 9.600000000000000000e+01 9.941076624184428390e-01
5.400000000000000000e+02 9.600000000000000000e+01 1.004914731126486327e+00
5.600000000000000000e+02 9.600000000000000000e+01 1.007901903578447778e+00
5.800000000000000000e+02 9.600000000000000000e+01 1.009997513540989766e+00
6.000000000000000000e+02 9.600000000000000000e+01 1.012096318586400701e+00
6.200000000000000000e+02 9.600000000000000000e+01 1.010829024062056325e+00
6.400000000000000000e+02 9.600000000000000000e+01 1.011277016544531060e+00
6.600000000000000000e+02 9.600000000000000000e+01 1.011228410408836931e+00
6.800000000000000000e+02 9.600000000000000000e+01 1.010068397253824468e+00
7.000000000000000000e+02 9.600000000000000000e+01 1.009512619483450502e+00
7.200000000000000000e+02 9.600000000000000000e+01 1.008921757860730350e+00
7.400000000000000000e+02 9.600000000000000000e+01 1.006535094887126558e+00
7.600000000000000000e+02 9.600000000000000000e+01 1.003234668777688521e+00
7.800000000000000000e+02 9.600000000000000000e+01 9.948896631280501612e-01
8.000000000000000000e+02 9.600000000000000000e+01 9.891250073912940532e-01
4.000000000000000000e+01 1.020000000000000000e+02 9.996990267048868617e-01
6.000000000000000000e+01 1.020000000000000000e+02 9.992674965723176150e-01
8.000000000000000000e+01 1.020000000000000000e+02 9.991854154340756855e-01
1.000000000000000000e+02 1.020000000000000000e+02 9.997149222133675517e-01
1.200000000000000000e+02 1.020000000000000000e+02 9.997988270346210848e-01
1.400000000000000000e+02 1.020000000000000000e+02 9.999183988653779220e-01
1.600000000000000000e+02 1.020000000000000000e+02 1.000279400173728295e+00
1.800000000000000000e+02 1.020000000000000000e+02 1.000443217826810782e+00
2.000000000000000000e+02 1.020000000000000000e+02 1.000090906840513938e+00
2.200000000000000000e+02 1.020000000000000000e+02 1.000595516351628689e+00
2.400000000000000000e+02 1.020000000000000000e+02 1.000495673775374517e+00
2.600000000000000000e+02 1.020000000000000000e+02 9.999691602628077991e-01
2.800000000000000000e+02 1.020000000000000000e+02 9.998538383381766481e-01
3.000000000000000000e+02 1.020000000000000000e+02 1.000087579073972721e+00
3.200000000000000000e+02 1.020000000000000000e+02 1.000099484065186894e+00
3.400000000000000000e+02 1.020000000000000000e+02 9.994936733042173449e-01
3.600000000000000000e+02 1.020000000000000000e+02 1.000317675595717715e+00
3.800000000000000000e+02 1.020000000000000000e+02 9.989027542844879370e-01
4.000000000000000000e+02 1.020000000000000000e+02 9.986915158892918365e-01
4.200000000000000000e+02 1.020000000000000000e+02 1.000420686418318272e+00
4.400000000000000000e+02 1.020000000000000000e+02 9.996714436528776337e-01
4.600000000000000000e+02 1.020000000000000000e+02 9.998632218796141835e-01
4.800000000000000000e+02 1.020000000000000000e+02 9.929845446872040959e-01
5.000000000000000000e+02 1.020000000000000000e+02 9.903910238517215081e-01
5.200000000000000000e+02 1.020000000000000000e+02 9.953943029680373256e-01
5.400000000000000000e+02 1.020000000000000000e+02 1.004490601584417497e+00
5.600000000000000000e+02 1.020000000000000000e+02 1.006923250080115739e+00
5.800000000000000000e+02 1.020000000000000000e+02 1.008925367297728526e+00
6.000000000000000000e+02 1.020000000000000000e+02 1.011241154154175925e+00
6.200000000000000000e+02 1.020000000000000000e+02 1.009693677537965684e+00
6.400000000000000000e+02 1.020000000000000000e+02 1.009827871662299481e+00
6.600000000000000000e+02 1.020000000000000000e+02 1.009838325390317815e+00
6.800000000000000000e+02 1.020000000000000000e+02 1.008814640778171290e+00
7.000000000000000000e+02 1.020000000000000000e+02 1.008151146138366538e+00
7.200000000000000000e+02 1.020000000000000000e+02 1.007926782916086506e+00
7.400000000000000000e+02 1.020000000000000000e+02 1.006671370943116095e+00
7.600000000000000000e+02 1.020000000000000000e+02 1.006149847590825042e+00
7.800000000000000000e+02 1.020000000000000000e+02 9.988404034054674252e-01
8.000000000000000000e+02 1.020000000000000000e+02 9.963200921824234557e-01
4.000000000000000000e+01 1.080000000000000000e+02 9.997157922607958769e-01
6.000000000000000000e+01 1.080000000000000000e+02 9.992775227465662269e-01
8.000000000000000000e+01 1.080000000000000000e+02 9.992131785815446809e-01
1.000000000000000000e+02 1.080000000000000000e+02 9.997669466152914186e-01
1.200000000000000000e+02 1.080000000000000000e+02 9.998608791532865858e-01
1.400000000000000000e+02 1.080000000000000000e+02 9.999813715753342880e-01
1.600000000000000000e+02 1.080000000000000000e+02 1.000361351977641755e+00
1.800000000000000000e+02 1.080000000000000000e+02 1.000452528316015277e+00
2.000000000000000000e+02 1.080000000000000000e+02 1.000154519233402706e+00
2.200000000000000000e+02 1.080000000000000000e+02 1.000744060946267444e+00
2.400000000000000000e+02 1.080000000000000000e+02 1.000704155856273481e+00
2.600000000000000000e+02 1.080000000000000000e+02 1.000179277360743635e+00
2.800000000000000000e+02 1.080000000000000000e+02 1.000049207206945567e+00
3.000000000000000000e+02 1.080000000000000000e+02 1.000306185977803741e+00
3.200000000000000000e+02 1.080000000000000000e+02 1.000171118666914882e+00
3.400000000000000000e+02 1.080000000000000000e+02 9.999516324617596652e-01
3.600000000000000000e+02 1.080000000000000000e+02 1.000509704845449432e+00
3.800000000000000000e+02 1.080000000000000000e+02 9.991992520387015242e-01
4.000000000000000000e+02 1.080000000000000000e+02 9.990668311184672801e-01
4.200000000000000000e+02 1.080000000000000000e+02 1.000415672274628021e+00
4.400000000000000000e+02 1.080000000000000000e+02 9.997905543062304279e-01
4.600000000000000000e+02 1.080000000000000000e+02 9.998894043702863943e-01
4.800000000000000000e+02 1.080000000000000000e+02 9.933145852199068981e-01
5.000000000000000000e+02 1.080000000000000000e+02 9.921694107889907910e-01
5.200000000000000000e+02 1.080000000000000000e+02 9.963534908953718405e-01
5.400000000000000000e+02 1.080000000000000000e+02 1.003948101285854433e+00
5.600000000000000000e+02 1.080000000000000000e+02 1.005587636593460177e+00
5.800000000000000000e+02 1.080000000000000000e+02 1.007460374621458765e+00
6.000000000000000000e+02 1.080000000000000000e+02 1.009872299339101831e+00
6.200000000000000000e+02 1.080000000000000000e+02 1.008161478891693941e+00
6.400000000000000000e+02 1.080000000000000000e+02 1.008009291849126132e+00
6.600000000000000000e+02 1.080000000000000000e+02 1.008167868470364548e+00
6.800000000000000000e+02 1.080000000000000000e+02 1.007435105648787577e+00
7.000000000000000000e+02 1.080000000000000000e+02 1.006794056129834525e+00
7.200000000000000000e+02 1.080000000000000000e+02 1.007206023367111625e+00
7.400000000000000000e+02 1.080000000000000000e+02 1.008092526612969442e+00
7.600000000000000000e+02 1.080000000000000000e+02 1.009040685075237587e+00
7.800000000000000000e+02 1.080000000000000000e+02 1.006101287622918727e+00
8.000000000000000000e+02 1.080000000000000000e+02 1.003500870470966477e+00
4.000000000000000000e+01 1.140000000000000000e+02 9.997329252032506330e-01
6.000000000000000000e+01 1.140000000000000000e+02 9.992879807392054392e-01
8.000000000000000000e+01 1.140000000000000000e+02 9.992377630687536705e-01
1.000000000000000000e+02 1.140000000000000000e+02 9.998103231126389545e-01
1.200000000000000000e+02 1.140000000000000000e+02 9.999158106664016721e-01
1.400000000000000000e+02 1.140000000000000000e+02 1.000036572056910433e+00
1.600000000000000000e+02 1.140000000000000000e+02 1.000433797075310993e+00
1.800000000000000000e+02 1.140000000000000000e+02 1.000341474088498828e+00
2.000000000000000000e+02 1.140000000000000000e+02 1.000131317586566704e+00
2.200000000000000000e+02 1.140000000000000000e+02 1.000769597189590465e+00
2.400000000000000000e+02 1.140000000000000000e+02 1.000753239678741968e+00
2.600000000000000000e+02 1.140000000000000000e+02 1.000261639997075624e+00
2.800000000000000000e+02 1.140000000000000000e+02 1.000127553498043831e+00
3.000000000000000000e+02 1.140000000000000000e+02 1.000385998006269261e+00
3.200000000000000000e+02 1.140000000000000000e+02 1.000238949414891776e+00
3.400000000000000000e+02 1.140000000000000000e+02 1.000211974125157832e+00
3.600000000000000000e+02 1.140000000000000000e+02 1.000471753776693840e+00
3.800000000000000000e+02 1.140000000000000000e+02 9.993995233666309597e-01
4.000000000000000000e+02 1.140000000000000000e+02 9.992389363153061366e-01
4.200000000000000000e+02 1.140000000000000000e+02 1.000070332335979639e+00
4.400000000000000000e+02 1.140000000000000000e+02 9.996868662674984751e-01
4.600000000000000000e+02 1.140000000000000000e+02 9.996730219100999904e-01
4.800000000000000000e+02 1.140000000000000000e+02 9.938903794585944862e-01
5.000000000000000000e+02 1.140000000000000000e+02 9.936662916973260096e-01
5.200000000000000000e+02 1.140000000000000000e+02 9.969300939638944259e-01
5.400000000000000000e+02 1.140000000000000000e+02 1.002856948221043654e+00
5.600000000000000000e+02 1.140000000000000000e+02 1.003900229552932011e+00
5.800000000000000000e+02 1.140000000000000000e+02 1.005616576820233643e+00
6.000000000000000000e+02 1.140000000000000000e+02 1.007963018764506780e+00
6.200000000000000000e+02 1.140000000000000000e+02 1.006236972108394578e+00
6.400000000000000000e+02 1.140000000000000000e+02 1.005845569945880369e+00
6.600000000000000000e+02 1.140000000000000000e+02 1.006246098781626408e+00
6.800000000000000000e+02 1.140000000000000000e+02 1.005895590187342981e+00
7.000000000000000000e+02 1.140000000000000000e+02 1.005622411239300629e+00
7.200000000000000000e+02 1.140000000000000000e+02 1.006697153418064650e+00
7.400000000000000000e+02 1.140000000000000000e+02 1.009342790866120110e+00
7.600000000000000000e+02 1.140000000000000000e+02 1.011017553368655397e+00
7.800000000000000000e+02 1.140000000000000000e+02 1.008672326011853526e+00
8.000000000000000000e+02 1.140000000000000000e+02 1.006828568727043294e+00
4.000000000000000000e+01 1.200000000000000000e+02 9.997504897452504924e-01
6.000000000000000000e+01 1.200000000000000000e+02 9.992988677793034347e-01
8.000000000000000000e+01 1.200000000000000000e+02 9.992593248367831471e-01
1.000000000000000000e+02 1.200000000000000000e+02 9.998457324217532305e-01
1.200000000000000000e+02 1.200000000000000000e+02 9.999634394154203187e-01
1.400000000000000000e+02 1.200000000000000000e+02 1.000083367364815512e+00
1.600000000000000000e+02 1.200000000000000000e+02 1.000496120253158594e+00
1.800000000000000000e+02 1.200000000000000000e+02 1.000121689240045963e+00
2.000000000000000000e+02 1.200000000000000000e+02 1.000028370460865901e+00
2.200000000000000000e+02 1.200000000000000000e+02 1.000692155318794851e+00
2.400000000000000000e+02 1.200000000000000000e+02 1.000625975240861942e+00
2.600000000000000000e+02 1.200000000000000000e+02 1.000163026232705921e+00
2.800000000000000000e+02 1.200000000000000000e+02 1.000039067015001448e+00
3.000000000000000000e+02 1.200000000000000000e+02 1.000294448388198587e+00
3.200000000000000000e+02 1.200000000000000000e+02 1.000273760123817191e+00
3.400000000000000000e+02 1.200000000000000000e+02 1.000228013877206834e+00
3.600000000000000000e+02 1.200000000000000000e+02 1.000181435509487127e+00
3.800000000000000000e+02 1.200000000000000000e+02 9.993605819448205807e-01
4.000000000000000000e+02 1.200000000000000000e+02 9.991837864135140190e-01
4.200000000000000000e+02 1.200000000000000000e+02 9.994729181907840987e-01
4.400000000000000000e+02 1.200000000000000000e+02 9.993359225737731277e-01
4.600000000000000000e+02 1.200000000000000000e+02 9.992035616703811574e-01
4.800000000000000000e+02 1.200000000000000000e+02 9.946314754734150165e-01
5.000000000000000000e+02 1.200000000000000000e+02 9.947707962616344490e-01
5.200000000000000000e+02 1.200000000000000000e+02 9.970689799370546780e-01
5.400000000000000000e+02 1.200000000000000000e+02 1.001186156704257257e+00
5.600000000000000000e+02 1.200000000000000000e+02 1.001866195392980385e+00
5.800000000000000000e+02 1.200000000000000000e+02 1.003408015202106318e+00
6.000000000000000000e+02 1.200000000000000000e+02 1.005487292631381591e+00
6.200000000000000000e+02 1.200000000000000000e+02 1.003907944136126940e+00
6.400000000000000000e+02 1.200000000000000000e+02 1.003418081397914552e+00
6.600000000000000000e+02 1.200000000000000000e+02 1.004070140021951385e+00
6.800000000000000000e+02 1.200000000000000000e+02 1.004077933188906036e+00
7.000000000000000000e+02 1.200000000000000000e+02 1.004248205296125018e+00
7.200000000000000000e+02 1.200000000000000000e+02 1.005809241534197707e+00
7.400000000000000000e+02 1.200000000000000000e+02 1.010359666347542706e+00
7.600000000000000000e+02 1.200000000000000000e+02 1.012048712387603189e+00
7.800000000000000000e+02 1.200000000000000000e+02 1.009980997375152567e+00
8.000000000000000000e+02 1.200000000000000000e+02 1.009084835526161905e+00
4.000000000000000000e+01 1.260000000000000000e+02 9.997685500997945951e-01
6.000000000000000000e+01 1.260000000000000000e+02 9.993101810959278408e-01
8.000000000000000000e+01 1.260000000000000000e+02 9.992780198267143810e-01
1.000000000000000000e+02 1.260000000000000000e+02 9.998738552589764295e-01
1.200000000000000000e+02 1.260000000000000000e+02 1.000003583241795724e+00
1.400000000000000000e+02 1.260000000000000000e+02 1.000121142285471221e+00
1.600000000000000000e+02 1.260000000000000000e+02 1.000545236134830818e+00
1.800000000000000000e+02 1.260000000000000000e+02 9.998797628884631417e-01
2.000000000000000000e+02 1.260000000000000000e+02 9.998503055932723704e-01
2.200000000000000000e+02 1.260000000000000000e+02 1.000530935005538913e+00
2.400000000000000000e+02 1.260000000000000000e+02 1.000348027744043078e+00
2.600000000000000000e+02 1.260000000000000000e+02 9.998765471059617438e-01
2.800000000000000000e+02 1.260000000000000000e+02 9.997568889169035078e-01
3.000000000000000000e+02 1.260000000000000000e+02 1.000005983947044985e+00
3.200000000000000000e+02 1.260000000000000000e+02 1.000067418560996790e+00
3.400000000000000000e+02 1.260000000000000000e+02 9.999530673006999937e-01
3.600000000000000000e+02 1.260000000000000000e+02 9.996150626926578742e-01
3.800000000000000000e+02 1.260000000000000000e+02 9.990223642346929278e-01
4.000000000000000000e+02 1.260000000000000000e+02 9.988372705341523883e-01
4.200000000000000000e+02 1.260000000000000000e+02 9.987521043037652646e-01
4.400000000000000000e+02 1.260000000000000000e+02 9.987160095882738897e-01
4.600000000000000000e+02 1.260000000000000000e+02 9.984705108224540826e-01
4.800000000000000000e+02 1.260000000000000000e+02 9.954025828179217106e-01
5.000000000000000000e+02 1.260000000000000000e+02 9.953720597713582308e-01
5.200000000000000000e+02 1.260000000000000000e+02 9.967150165783007498e-01
5.400000000000000000e+02 1.260000000000000000e+02 9.989947806640189221e-01
5.600000000000000000e+02 1.260000000000000000e+02 9.994907005480562212e-01
5.800000000000000000e+02 1.260000000000000000e+02 1.000848731075130171e+00
6.000000000000000000e+02 1.260000000000000000e+02 1.002419124319411603e+00
6.200000000000000000e+02 1.260000000000000000e+02 1.001114403324975699e+00
6.400000000000000000e+02 1.260000000000000000e+02 1.000804850320690331e+00
6.600000000000000000e+02 1.260000000000000000e+02 1.001446392003866093e+00
6.800000000000000000e+02 1.260000000000000000e+02 1.001994549913470811e+00
7.000000000000000000e+02 1.260000000000000000e+02 1.002376105904107861e+00
7.200000000000000000e+02 1.260000000000000000e+02 1.003713349884051587e+00
7.400000000000000000e+02 1.260000000000000000e+02 1.010340206514305894e+00
7.600000000000000000e+02 1.260000000000000000e+02 1.010427571260172686e+00
7.800000000000000000e+02 1.260000000000000000e+02 1.007728521370345076e+00
8.000000000000000000e+02 1.260000000000000000e+02 1.009014513146020198e+00
4.000000000000000000e+01 1.320000000000000000e+02 9.997871704798815262e-01
6.000000000000000000e+01 1.320000000000000000e+02 9.993219179181476175e-01
8.000000000000000000e+01 1.320000000000000000e+02 9.992940039796283092e-01
1.000000000000000000e+02 1.320000000000000000e+02 9.998953723406523997e-01
1.200000000000000000e+02 1.320000000000000000e+02 1.000036059986980641e+00
1.400000000000000000e+02 1.320000000000000000e+02 1.000149281605301477e+00
1.600000000000000000e+02 1.320000000000000000e+02 1.000500409522808942e+00
1.800000000000000000e+02 1.320000000000000000e+02 9.996547760288296836e-01
2.000000000000000000e+02 1.320000000000000000e+02 9.996017507207570763e-01
2.200000000000000000e+02 1.320000000000000000e+02 1.000288277801120396e+00
2.400000000000000000e+02 1.320000000000000000e+02 9.999463353191572201e-01
2.600000000000000000e+02 1.320000000000000000e+02 9.994774443737453051e-01
2.800000000000000000e+02 1.320000000000000000e+02 9.992420123224533546e-01
3.000000000000000000e+02 1.320000000000000000e+02 9.994906090678702393e-01
3.200000000000000000e+02 1.320000000000000000e+02 9.995255596001405562e-01
3.400000000000000000e+02 1.320000000000000000e+02 9.993404499784319661e-01
3.600000000000000000e+02 1.320000000000000000e+02 9.987553761359337923e-01
3.800000000000000000e+02 1.320000000000000000e+02 9.983386823285751444e-01
4.000000000000000000e+02 1.320000000000000000e+02 9.981427963618615395e-01
4.200000000000000000e+02 1.320000000000000000e+02 9.978574485014026774e-01
4.400000000000000000e+02 1.320000000000000000e+02 9.978054136742225966e-01
4.600000000000000000e+02 1.320000000000000000e+02 9.974633565376457289e-01
4.800000000000000000e+02 1.320000000000000000e+02 9.956309612052974822e-01
5.000000000000000000e+02 1.320000000000000000e+02 9.953592175159395872e-01
5.200000000000000000e+02 1.320000000000000000e+02 9.958130716510812386e-01
5.400000000000000000e+02 1.320000000000000000e+02 9.964258933759551073e-01
5.600000000000000000e+02 1.320000000000000000e+02 9.967866866904929735e-01
5.800000000000000000e+02 1.320000000000000000e+02 9.979663939276369744e-01
6.000000000000000000e+02 1.320000000000000000e+02 9.987609411736153575e-01
6.200000000000000000e+02 1.320000000000000000e+02 9.978433137630102756e-01
6.400000000000000000e+02 1.320000000000000000e+02 9.977736556059682016e-01
6.600000000000000000e+02 1.320000000000000000e+02 9.983074296567228112e-01
6.800000000000000000e+02 1.320000000000000000e+02 9.993264283074617671e-01
7.000000000000000000e+02 1.320000000000000000e+02 9.997923885675796818e-01
7.200000000000000000e+02 1.320000000000000000e+02 1.000277768095623632e+00
7.400000000000000000e+02 1.320000000000000000e+02 1.008220050227206288e+00
7.600000000000000000e+02 1.320000000000000000e+02 1.006578910832815144e+00
7.800000000000000000e+02 1.320000000000000000e+02 1.003438246237519316e+00
8.000000000000000000e+02 1.320000000000000000e+02 1.006178770041627368e+00
4.000000000000000000e+01 1.380000000000000000e+02 9.998064150985104259e-01
6.000000000000000000e+01 1.380000000000000000e+02 9.993340850737231218e-01
8.000000000000000000e+01 1.380000000000000000e+02 9.993074332366047585e-01
1.000000000000000000e+02 1.380000000000000000e+02 9.999109118174620559e-01
1.200000000000000000e+02 1.380000000000000000e+02 1.000060687492428713e+00
1.400000000000000000e+02 1.380000000000000000e+02 1.000167170110728199e+00
1.600000000000000000e+02 1.380000000000000000e+02 1.000339653448276245e+00
1.800000000000000000e+02 1.380000000000000000e+02 9.994281800011617367e-01
2.000000000000000000e+02 1.380000000000000000e+02 9.992873335802913148e-01
2.200000000000000000e+02 1.380000000000000000e+02 9.999387894222271367e-01
2.400000000000000000e+02 1.380000000000000000e+02 9.994515570709960883e-01
2.600000000000000000e+02 1.380000000000000000e+02 9.989739071466272602e-01
2.800000000000000000e+02 1.380000000000000000e+02 9.985240518912270602e-01
3.000000000000000000e+02 1.380000000000000000e+02 9.987469158901439714e-01
3.200000000000000000e+02 1.380000000000000000e+02 9.986618136054292716e-01
3.400000000000000000e+02 1.380000000000000000e+02 9.983699704394363161e-01
3.600000000000000000e+02 1.380000000000000000e+02 9.976814211856637193e-01
3.800000000000000000e+02 1.380000000000000000e+02 9.972633274061687425e-01
4.000000000000000000e+02 1.380000000000000000e+02 9.970541759889682831e-01
4.200000000000000000e+02 1.380000000000000000e+02 9.966607443214450246e-01
4.400000000000000000e+02 1.380000000000000000e+02 9.965824211948376421e-01
4.600000000000000000e+02 1.380000000000000000e+02 9.961708086075030666e-01
4.800000000000000000e+02 1.380000000000000000e+02 9.950947214236658400e-01
5.000000000000000000e+02 1.380000000000000000e+02 9.946214047848199735e-01
5.200000000000000000e+02 1.380000000000000000e+02 9.943052231237267113e-01
5.400000000000000000e+02 1.380000000000000000e+02 9.936677435966838612e-01
5.600000000000000000e+02 1.380000000000000000e+02 9.938188150851134939e-01
5.800000000000000000e+02 1.380000000000000000e+02 9.949730189804979474e-01
6.000000000000000000e+02 1.380000000000000000e+02 9.944886151974029476e-01
6.200000000000000000e+02 1.380000000000000000e+02 9.940360156615637433e-01
6.400000000000000000e+02 1.380000000000000000e+02 9.940972975156388003e-01
6.600000000000000000e+02 1.380000000000000000e+02 9.945567529374214066e-01
6.800000000000000000e+02 1.380000000000000000e+02 9.957093610333069833e-01
7.000000000000000000e+02 1.380000000000000000e+02 9.960495493793970478e-01
7.200000000000000000e+02 1.380000000000000000e+02 9.957843232126379895e-01
7.400000000000000000e+02 1.380000000000000000e+02 1.003659803645094328e+00
7.600000000000000000e+02 1.380000000000000000e+02 1.000511961073976996e+00
7.800000000000000000e+02 1.380000000000000000e+02 9.968267824361751739e-01
8.000000000000000000e+02 1.380000000000000000e+02 1.000212903440173662e+00
4.000000000000000000e+01 1.440000000000000000e+02 9.998263481686803233e-01
6.000000000000000000e+01 1.440000000000000000e+02 9.993467915746900854e-01
8.000000000000000000e+01 1.440000000000000000e+02 9.993184635387258874e-01
1.000000000000000000e+02 1.440000000000000000e+02 9.999204276045234874e-01
1.200000000000000000e+02 1.440000000000000000e+02 1.000077283599593025e+00
1.400000000000000000e+02 1.440000000000000000e+02 1.000174192588174193e+00
1.600000000000000000e+02 1.440000000000000000e+02 1.000085601489891118e+00
1.800000000000000000e+02 1.440000000000000000e+02 9.991973267733246233e-01
2.000000000000000000e+02 1.440000000000000000e+02 9.989116819088462718e-01
2.200000000000000000e+02 1.440000000000000000e+02 9.994806627984567093e-01
2.400000000000000000e+02 1.440000000000000000e+02 9.988772680733971621e-01
2.600000000000000000e+02 1.440000000000000000e+02 9.983363677891904375e-01
2.800000000000000000e+02 1.440000000000000000e+02 9.976602285937867798e-01
3.000000000000000000e+02 1.440000000000000000e+02 9.978482249773972246e-01
3.200000000000000000e+02 1.440000000000000000e+02 9.975630905943462245e-01
3.400000000000000000e+02 1.440000000000000000e+02 9.971276797529569080e-01
3.600000000000000000e+02 1.440000000000000000e+02 9.962721999289487762e-01
3.800000000000000000e+02 1.440000000000000000e+02 9.957259448641323507e-01
4.000000000000000000e+02 1.440000000000000000e+02 9.955173771080040312e-01
4.200000000000000000e+02 1.440000000000000000e+02 9.950958785325846323e-01
4.400000000000000000e+02 1.440000000000000000e+02 9.950140957459757685e-01
4.600000000000000000e+02 1.440000000000000000e+02 9.945528559645667732e-01
4.800000000000000000e+02 1.440000000000000000e+02 9.936829987624683502e-01
5.000000000000000000e+02 1.440000000000000000e+02 9.930477568674417332e-01
5.200000000000000000e+02 1.440000000000000000e+02 9.920757617391535721e-01
5.400000000000000000e+02 1.440000000000000000e+02 9.907686750442685764e-01
5.600000000000000000e+02 1.440000000000000000e+02 9.900172753279280480e-01
5.800000000000000000e+02 1.440000000000000000e+02 9.915145583948253849e-01
6.000000000000000000e+02 1.440000000000000000e+02 9.897737870352396605e-01
6.200000000000000000e+02 1.440000000000000000e+02 9.894195934219237598e-01
6.400000000000000000e+02 1.440000000000000000e+02 9.896573159575551282e-01
6.600000000000000000e+02 1.440000000000000000e+02 9.899799322562305992e-01
6.800000000000000000e+02 1.440000000000000000e+02 9.905915861502671005e-01
7.000000000000000000e+02 1.440000000000000000e+02 9.905955905990537769e-01
7.200000000000000000e+02 1.440000000000000000e+02 9.901475612104322366e-01
7.400000000000000000e+02 1.440000000000000000e+02 9.963947497779191975e-01
7.600000000000000000e+02 1.440000000000000000e+02 9.919108970750547538e-01
7.800000000000000000e+02 1.440000000000000000e+02 9.873141286704840702e-01
8.000000000000000000e+02 1.440000000000000000e+02 9.907521263308712856e-01
4.000000000000000000e+01 1.500000000000000000e+02 9.998470339033900256e-01
6.000000000000000000e+01 1.500000000000000000e+02 9.993601827364193557e-01
8.000000000000000000e+01 1.500000000000000000e+02 9.993272508270709675e-01
1.000000000000000000e+02 1.500000000000000000e+02 9.999234964783907387e-01
1.200000000000000000e+02 1.500000000000000000e+02 1.000085666149926666e+00
1.400000000000000000e+02 1.500000000000000000e+02 1.000169733824062490e+00
1.600000000000000000e+02 1.500000000000000000e+02 9.997547678085777489e-01
1.800000000000000000e+02 1.500000000000000000e+02 9.988748628066765889e-01
2.000000000000000000e+02 1.500000000000000000e+02 9.984794234433931326e-01
2.200000000000000000e+02 1.500000000000000000e+02 9.989219709615700937e-01
2.400000000000000000e+02 1.500000000000000000e+02 9.982314003201180341e-01
2.600000000000000000e+02 1.500000000000000000e+02 9.975735517320820644e-01
2.800000000000000000e+02 1.500000000000000000e+02 9.966889600240229630e-01
3.000000000000000000e+02 1.500000000000000000e+02 9.967966972079009835e-01
3.200000000000000000e+02 1.500000000000000000e+02 9.963094984296744228e-01
3.400000000000000000e+02 1.500000000000000000e+02 9.957164580813261390e-01
3.600000000000000000e+02 1.500000000000000000e+02 9.945756576364470636e-01
3.800000000000000000e+02 1.500000000000000000e+02 9.938104342032523242e-01
4.000000000000000000e+02 1.500000000000000000e+02 9.935819970665411560e-01
4.200000000000000000e+02 1.500000000000000000e+02 9.930531683711133484e-01
4.400000000000000000e+02 1.500000000000000000e+02 9.929078337450312208e-01
4.600000000000000000e+02 1.500000000000000000e+02 9.924804076480117088e-01
4.800000000000000000e+02 1.500000000000000000e+02 9.913947611333999710e-01
5.000000000000000000e+02 1.500000000000000000e+02 9.905968373358660095e-01
5.200000000000000000e+02 1.500000000000000000e+02 9.893156871107727790e-01
5.400000000000000000e+02 1.500000000000000000e+02 9.879607193008200783e-01
5.600000000000000000e+02 1.500000000000000000e+02 9.853683703754227974e-01
5.800000000000000000e+02 1.500000000000000000e+02 9.869880637679325774e-01
6.000000000000000000e+02 1.500000000000000000e+02 9.846593425559435619e-01
6.200000000000000000e+02 1.500000000000000000e+02 9.838384182671373601e-01
6.400000000000000000e+02 1.500000000000000000e+02 9.845622245666455497e-01
6.600000000000000000e+02 1.500000000000000000e+02 9.844194486282973333e-01
6.800000000000000000e+02 1.500000000000000000e+02 9.841933151562314297e-01
7.000000000000000000e+02 1.500000000000000000e+02 9.836146243678741685e-01
7.200000000000000000e+02 1.500000000000000000e+02 9.830856958907376875e-01
7.400000000000000000e+02 1.500000000000000000e+02 9.863666596958010624e-01
7.600000000000000000e+02 1.500000000000000000e+02 9.802340555591709803e-01
7.800000000000000000e+02 1.500000000000000000e+02 9.745548658529216146e-01
8.000000000000000000e+02 1.500000000000000000e+02 9.774209244601748114e-01
4.000000000000000000e+01 1.560000000000000000e+02 9.998685365156385618e-01
6.000000000000000000e+01 1.560000000000000000e+02 9.993744002967922535e-01
8.000000000000000000e+01 1.560000000000000000e+02 9.993339510427226013e-01
1.000000000000000000e+02 1.560000000000000000e+02 9.999197020693635363e-01
1.200000000000000000e+02 1.560000000000000000e+02 1.000085652984883167e+00
1.400000000000000000e+02 1.560000000000000000e+02 1.000126196908216469e+00
1.600000000000000000e+02 1.560000000000000000e+02 9.993599828248579398e-01
1.800000000000000000e+02 1.560000000000000000e+02 9.984584577831622232e-01
2.000000000000000000e+02 1.560000000000000000e+02 9.979951859209025278e-01
2.200000000000000000e+02 1.560000000000000000e+02 9.982707869433273817e-01
2.400000000000000000e+02 1.560000000000000000e+02 9.975218858049148540e-01
2.600000000000000000e+02 1.560000000000000000e+02 9.966944749030222095e-01
2.800000000000000000e+02 1.560000000000000000e+02 9.956201472255143958e-01
3.000000000000000000e+02 1.560000000000000000e+02 9.955793606938927454e-01
3.200000000000000000e+02 1.560000000000000000e+02 9.949241290053054687e-01
3.400000000000000000e+02 1.560000000000000000e+02 9.941899490378872661e-01
3.600000000000000000e+02 1.560000000000000000e+02 9.926519325135590988e-01
3.800000000000000000e+02 1.560000000000000000e+02 9.917585594899086532e-01
4.000000000000000000e+02 1.560000000000000000e+02 9.913892119104814604e-01
4.200000000000000000e+02 1.560000000000000000e+02 9.908303803646721919e-01
4.400000000000000000e+02 1.560000000000000000e+02 9.903709842028717292e-01
4.600000000000000000e+02 1.560000000000000000e+02 9.899370822248007018e-01
4.800000000000000000e+02 1.560000000000000000e+02 9.885268889662894853e-01
5.000000000000000000e+02 1.560000000000000000e+02 9.875592986884933477e-01
5.200000000000000000e+02 1.560000000000000000e+02 9.859468796698102055e-01
5.400000000000000000e+02 1.560000000000000000e+02 9.840183051998885322e-01
5.600000000000000000e+02 1.560000000000000000e+02 9.803006868334069868e-01
5.800000000000000000e+02 1.560000000000000000e+02 9.814884880992169602e-01
6.000000000000000000e+02 1.560000000000000000e+02 9.792375020832162491e-01
6.200000000000000000e+02 1.560000000000000000e+02 9.777760552092902291e-01
6.400000000000000000e+02 1.560000000000000000e+02 9.784108127706101499e-01
6.600000000000000000e+02 1.560000000000000000e+02 9.777181393203677739e-01
6.800000000000000000e+02 1.560000000000000000e+02 9.766640123422830611e-01
7.000000000000000000e+02 1.560000000000000000e+02 9.747822742153090525e-01
7.200000000000000000e+02 1.560000000000000000e+02 9.737521039228804742e-01
7.400000000000000000e+02 1.560000000000000000e+02 9.728646826898432742e-01
7.600000000000000000e+02 1.560000000000000000e+02 9.646612139427419574e-01
7.800000000000000000e+02 1.560000000000000000e+02 9.581384471813169101e-01
8.000000000000000000e+02 1.560000000000000000e+02 9.604697159532493700e-01
4.000000000000000000e+01 1.620000000000000000e+02 9.998909202184247391e-01
6.000000000000000000e+01 1.620000000000000000e+02 9.993895859936869908e-01
8.000000000000000000e+01 1.620000000000000000e+02 9.993387201267602826e-01
1.000000000000000000e+02 1.620000000000000000e+02 9.999086280077383870e-01
1.200000000000000000e+02 1.620000000000000000e+02 1.000077061945915391e+00
1.400000000000000000e+02 1.620000000000000000e+02 9.999409421476088689e-01
1.600000000000000000e+02 1.620000000000000000e+02 9.989144800454377027e-01
1.800000000000000000e+02 1.620000000000000000e+02 9.979619808064714714e-01
2.000000000000000000e+02 1.620000000000000000e+02 9.974635970783471972e-01
2.200000000000000000e+02 1.620000000000000000e+02 9.975368671431417145e-01
2.400000000000000000e+02 1.620000000000000000e+02 9.967566565215447705e-01
2.600000000000000000e+02 1.620000000000000000e+02 9.957081536024237067e-01
2.800000000000000000e+02 1.620000000000000000e+02 9.944633175110594303e-01
3.000000000000000000e+02 1.620000000000000000e+02 9.942129803222425899e-01
3.200000000000000000e+02 1.620000000000000000e+02 9.934250883856966530e-01
3.400000000000000000e+02 1.620000000000000000e+02 9.924574113561935862e-01
3.600000000000000000e+02 1.620000000000000000e+02 9.905477643743778593e-01
3.800000000000000000e+02 1.620000000000000000e+02 9.896344084157108201e-01
4.000000000000000000e+02 1.620000000000000000e+02 9.889917240932651898e-01
4.200000000000000000e+02 1.620000000000000000e+02 9.883528040623840161e-01
4.400000000000000000e+02 1.620000000000000000e+02 9.875727556411435515e-01
4.600000000000000000e+02 1.620000000000000000e+02 9.869702521985830312e-01
4.800000000000000000e+02 1.620000000000000000e+02 9.853276057587949666e-01
5.000000000000000000e+02 1.620000000000000000e+02 9.842044533548629515e-01
5.200000000000000000e+02 1.620000000000000000e+02 9.820705951938473177e-01
5.400000000000000000e+02 1.620000000000000000e+02 9.793819503285657868e-01
5.600000000000000000e+02 1.620000000000000000e+02 9.750076703686512136e-01
5.800000000000000000e+02 1.620000000000000000e+02 9.742151829258415274e-01
6.000000000000000000e+02 1.620000000000000000e+02 9.736482509225049542e-01
6.200000000000000000e+02 1.620000000000000000e+02 9.714767798494216011e-01
6.400000000000000000e+02 1.620000000000000000e+02 9.716295118644469042e-01
6.600000000000000000e+02 1.620000000000000000e+02 9.696988751858730549e-01
6.800000000000000000e+02 1.620000000000000000e+02 9.675992949468150695e-01
7.000000000000000000e+02 1.620000000000000000e+02 9.640398712063469322e-01
7.200000000000000000e+02 1.620000000000000000e+02 9.609069384631445665e-01
7.400000000000000000e+02 1.620000000000000000e+02 9.558421680619414440e-01
7.600000000000000000e+02 1.620000000000000000e+02 9.450207433344495200e-01
7.800000000000000000e+02 1.620000000000000000e+02 9.376382465135935096e-01
8.000000000000000000e+02 1.620000000000000000e+02 9.387264064900898708e-01
4.000000000000000000e+01 1.680000000000000000e+02 9.999142492247479197e-01
6.000000000000000000e+01 1.680000000000000000e+02 9.994058815649827787e-01
8.000000000000000000e+01 1.680000000000000000e+02 9.993417140202651705e-01
1.000000000000000000e+02 1.680000000000000000e+02 9.998898579238131301e-01
1.200000000000000000e+02 1.680000000000000000e+02 1.000059710874476870e+00
1.400000000000000000e+02 1.680000000000000000e+02 9.996568112170343134e-01
1.600000000000000000e+02 1.680000000000000000e+02 9.984314929770176095e-01
1.800000000000000000e+02 1.680000000000000000e+02 9.974218614896335211e-01
2.000000000000000000e+02 1.680000000000000000e+02 9.968892846526973273e-01
2.200000000000000000e+02 1.680000000000000000e+02 9.967514196172051477e-01
2.400000000000000000e+02 1.680000000000000000e+02 9.959436444637637109e-01
2.600000000000000000e+02 1.680000000000000000e+02 9.946322027077891814e-01
2.800000000000000000e+02 1.680000000000000000e+02 9.932279981934566404e-01
3.000000000000000000e+02 1.680000000000000000e+02 9.927176542730022923e-01
3.200000000000000000e+02 1.680000000000000000e+02 9.918304826353047110e-01
3.400000000000000000e+02 1.680000000000000000e+02 9.904517775486636477e-01
3.600000000000000000e+02 1.680000000000000000e+02 9.883098930329958787e-01
3.800000000000000000e+02 1.680000000000000000e+02 9.872439651331034183e-01
4.000000000000000000e+02 1.680000000000000000e+02 9.864384291474240785e-01
4.200000000000000000e+02 1.680000000000000000e+02 9.856152091540435478e-01
4.400000000000000000e+02 1.680000000000000000e+02 9.845726430920049843e-01
4.600000000000000000e+02 1.680000000000000000e+02 9.836495207419119202e-01
4.800000000000000000e+02 1.680000000000000000e+02 9.818742512200391293e-01
5.000000000000000000e+02 1.680000000000000000e+02 9.804855683814096556e-01
5.200000000000000000e+02 1.680000000000000000e+02 9.777947457272884169e-01
5.400000000000000000e+02 1.680000000000000000e+02 9.743547641671873594e-01
5.600000000000000000e+02 1.680000000000000000e+02 9.698067370475984550e-01
5.800000000000000000e+02 1.680000000000000000e+02 9.687531451733010224e-01
6.000000000000000000e+02 1.680000000000000000e+02 9.681569547752633120e-01
6.200000000000000000e+02 1.680000000000000000e+02 9.647757515691088859e-01
6.400000000000000000e+02 1.680000000000000000e+02 9.634496171335399373e-01
6.600000000000000000e+02 1.680000000000000000e+02 9.607223122566609375e-01
6.800000000000000000e+02 1.680000000000000000e+02 9.567370684645746248e-01
7.000000000000000000e+02 1.680000000000000000e+02 9.516573668424292975e-01
7.200000000000000000e+02 1.680000000000000000e+02 9.456683433994734767e-01
7.400000000000000000e+02 1.680000000000000000e+02 9.362081825426837867e-01
7.600000000000000000e+02 1.680000000000000000e+02 9.226652720353186732e-01
7.800000000000000000e+02 1.680000000000000000e+02 9.144732055515245595e-01
8.000000000000000000e+02 1.680000000000000000e+02 9.126099993505286667e-01
4.000000000000000000e+01 1.740000000000000000e+02 9.999385877476065776e-01
6.000000000000000000e+01 1.740000000000000000e+02 9.994234287485593837e-01
8.000000000000000000e+01 1.740000000000000000e+02 9.993430886643179800e-01
1.000000000000000000e+02 1.740000000000000000e+02 9.998629754478858267e-01
1.200000000000000000e+02 1.740000000000000000e+02 1.000033417612020692e+00
1.400000000000000000e+02 1.740000000000000000e+02 9.993269399873102588e-01
1.600000000000000000e+02 1.740000000000000000e+02 9.979242551263041161e-01
1.800000000000000000e+02 1.740000000000000000e+02 9.968559198812640965e-01
2.000000000000000000e+02 1.740000000000000000e+02 9.962768763809247696e-01
2.200000000000000000e+02 1.740000000000000000e+02 9.959491469683822151e-01
2.400000000000000000e+02 1.740000000000000000e+02 9.950907816253303784e-01
2.600000000000000000e+02 1.740000000000000000e+02 9.934990888687093014e-01
2.800000000000000000e+02 1.740000000000000000e+02 9.919237165855038230e-01
3.000000000000000000e+02 1.740000000000000000e+02 9.911503027569830149e-01
3.200000000000000000e+02 1.740000000000000000e+02 9.901584178185866003e-01
3.400000000000000000e+02 1.740000000000000000e+02 9.883087407882406028e-01
3.600000000000000000e+02 1.740000000000000000e+02 9.859850583035059124e-01
3.800000000000000000e+02 1.740000000000000000e+02 9.846812566862788163e-01
4.000000000000000000e+02 1.740000000000000000e+02 9.837782226054918588e-01
4.200000000000000000e+02 1.740000000000000000e+02 9.826868225172381566e-01
4.400000000000000000e+02 1.740000000000000000e+02 9.814187050475818852e-01
4.600000000000000000e+02 1.740000000000000000e+02 9.800721094257361932e-01
4.800000000000000000e+02 1.740000000000000000e+02 9.782242433128361947e-01
5.000000000000000000e+02 1.740000000000000000e+02 9.763441975093437586e-01
5.200000000000000000e+02 1.740000000000000000e+02 9.732272433145375823e-01
5.400000000000000000e+02 1.740000000000000000e+02 9.688576832254495175e-01
5.600000000000000000e+02 1.740000000000000000e+02 9.647713968480783331e-01
5.800000000000000000e+02 1.740000000000000000e+02 9.643502818589584358e-01
6.000000000000000000e+02 1.740000000000000000e+02 9.643003437659231070e-01
6.200000000000000000e+02 1.740000000000000000e+02 9.581804195178305061e-01
6.400000000000000000e+02 1.740000000000000000e+02 9.537902152986106330e-01
6.600000000000000000e+02 1.740000000000000000e+02 9.496656751420046172e-01
6.800000000000000000e+02 1.740000000000000000e+02 9.447309483229002769e-01
7.000000000000000000e+02 1.740000000000000000e+02 9.381047553678456552e-01
7.200000000000000000e+02 1.740000000000000000e+02 9.286429785644614299e-01
7.400000000000000000e+02 1.740000000000000000e+02 9.150185293473332981e-01
7.600000000000000000e+02 1.740000000000000000e+02 8.986452154697432970e-01
7.800000000000000000e+02 1.740000000000000000e+02 8.883856393458275935e-01
8.000000000000000000e+02 1.740000000000000000e+02 8.835827000882859883e-01
4.000000000000000000e+01 1.800000000000000000e+02 9.999639999999999640e-01
6.000000000000000000e+01 1.800000000000000000e+02 9.994423692822962391e-01
8.000000000000000000e+01 1.800000000000000000e+02 9.993429999999999813e-01
1.000000000000000000e+02 1.800000000000000000e+02 9.998275642102545380e-01
1.200000000000000000e+02 1.800000000000000000e+02 9.999980000000000535e-01
1.400000000000000000e+02 1.800000000000000000e+02 9.989649657850141473e-01
1.600000000000000000e+02 1.800000000000000000e+02 9.974060000000000148e-01
1.800000000000000000e+02 1.800000000000000000e+02 9.962755741494958572e-01
2.000000000000000000e+02 1.800000000000000000e+02 9.956310000000000437e-01
2.200000000000000000e+02 1.800000000000000000e+02 9.951626206385397744e-01
2.400000000000000000e+02 1.800000000000000000e+02 9.942060000000000342e-01
2.600000000000000000e+02 1.800000000000000000e+02 9.923403558495533794e-01
2.800000000000000000e+02 1.800000000000000000e+02 9.905599999999999961e-01
3.000000000000000000e+02 1.800000000000000000e+02 9.895831369536813860e-01
3.200000000000000000e+02 1.800000000000000000e+02 9.884269999999999445e-01
3.400000000000000000e+02 1.800000000000000000e+02 9.861434813575837843e-01
3.600000000000000000e+02 1.800000000000000000e+02 9.836200000000000498e-01
3.800000000000000000e+02 1.800000000000000000e+02 9.820734993994776341e-01
4.000000000000000000e+02 1.800000000000000000e+02 9.810600000000000431e-01
4.200000000000000000e+02 1.800000000000000000e+02 9.796943330558678387e-01
4.400000000000000000e+02 1.800000000000000000e+02 9.781589999999998897e-01
4.600000000000000000e+02 1.800000000000000000e+02 9.764447522680120839e-01
4.800000000000000000e+02 1.800000000000000000e+02 9.744349999999999401e-01
5.000000000000000000e+02 1.800000000000000000e+02 9.720448856023716777e-01
5.200000000000000000e+02 1.800000000000000000e+02 9.684760000000000035e-01
5.400000000000000000e+02 1.800000000000000000e+02 9.634343280604983351e-01
5.600000000000000000e+02 1.800000000000000000e+02 9.599330000000000362e-01
5.800000000000000000e+02 1.800000000000000000e+02 9.615611440164996138e-01
6.000000000000000000e+02 1.800000000000000000e+02 9.617670000000000385e-01
6.200000000000000000e+02 1.800000000000000000e+02 9.530951066555986007e-01
6.400000000000000000e+02 1.800000000000000000e+02 9.435249999999999471e-01
6.600000000000000000e+02 1.800000000000000000e+02 9.380382171567809291e-01
6.800000000000000000e+02 1.800000000000000000e+02 9.321120000000000516e-01
7.000000000000000000e+02 1.800000000000000000e+02 9.233375139801897058e-01
7.200000000000000000e+02 1.800000000000000000e+02 9.114729999999999777e-01
7.400000000000000000e+02 1.800000000000000000e+02 8.931395159650249438e-01
7.600000000000000000e+02 1.800000000000000000e+02 8.738179999999999836e-01
7.800000000000000000e+02 1.800000000000000000e+02 8.605075658715682918e-01
8.000000000000000000e+02 1.800000000000000000e+02 8.532180000000000319e-01
