0 67.72028437 67.72028437 934.69033333
1 -67.72028437 67.72028437 934.69033333
2 -67.72028437 -67.72028437 934.69033333
3 67.72028437 -67.72028437 934.69033333
4 176.26720732 73.01226787 920.00933333
5 73.01226787 176.26720732 920.00933333
6 -73.01226787 176.26720732 920.00933333
7 -176.26720732 73.01226787 920.00933333
8 -176.26720732 -73.01226787 920.00933333
9 -73.01226787 -176.26720732 920.00933333
10 73.01226787 -176.26720732 920.00933333
11 176.26720732 -73.01226787 920.00933333
12 274.60917957 73.58130790 895.54100000
13 201.02787167 201.02787167 895.54100000
14 73.58130790 274.60917957 895.54100000
15 -73.58130790 274.60917957 895.54100000
16 -201.02787167 201.02787167 895.54100000
17 -274.60917957 73.58130790 895.54100000
18 -274.60917957 -73.58130790 895.54100000
19 -201.02787167 -201.02787167 895.54100000
20 -73.58130790 -274.60917957 895.54100000
21 73.58130790 -274.60917957 895.54100000
22 201.02787167 -201.02787167 895.54100000
23 274.60917957 -73.58130790 895.54100000
24 368.29194801 73.25782327 861.28533333
25 312.22283750 208.62063029 861.28533333
26 208.62063029 312.22283750 861.28533333
27 73.25782327 368.29194801 861.28533333
28 -73.25782327 368.29194801 861.28533333
29 -208.62063029 312.22283750 861.28533333
30 -312.22283750 208.62063029 861.28533333
31 -368.29194801 73.25782327 861.28533333
32 -368.29194801 -73.25782327 861.28533333
33 -312.22283750 -208.62063029 861.28533333
34 -208.62063029 -312.22283750 861.28533333
35 -73.25782327 -368.29194801 861.28533333
36 73.25782327 -368.29194801 861.28533333
37 208.62063029 -312.22283750 861.28533333
38 312.22283750 -208.62063029 861.28533333
39 368.29194801 -73.25782327 861.28533333
40 457.90094482 72.52438487 817.24233333
41 413.07840995 210.47396251 817.24233333
42 327.82088224 327.82088224 817.24233333
43 210.47396251 413.07840995 817.24233333
44 72.52438487 457.90094482 817.24233333
45 -72.52438487 457.90094482 817.24233333
46 -210.47396251 413.07840995 817.24233333
47 -327.82088224 327.82088224 817.24233333
48 -413.07840995 210.47396251 817.24233333
49 -457.90094482 72.52438487 817.24233333
50 -457.90094482 -72.52438487 817.24233333
51 -413.07840995 -210.47396251 817.24233333
52 -327.82088224 -327.82088224 817.24233333
53 -210.47396251 -413.07840995 817.24233333
54 -72.52438487 -457.90094482 817.24233333
55 72.52438487 -457.90094482 817.24233333
56 210.47396251 -413.07840995 817.24233333
57 327.82088224 -327.82088224 817.24233333
58 413.07840995 -210.47396251 817.24233333
59 457.90094482 -72.52438487 817.24233333
60 543.05500726 71.49454803 763.41200000
61 506.04670596 209.61140880 763.41200000
62 434.55215793 333.44359846 763.41200000
63 333.44359846 434.55215793 763.41200000
64 209.61140880 506.04670596 763.41200000
65 71.49454803 543.05500726 763.41200000
66 -71.49454803 543.05500726 763.41200000
67 -209.61140880 506.04670596 763.41200000
68 -333.44359846 434.55215793 763.41200000
69 -434.55215793 333.44359846 763.41200000
70 -506.04670596 209.61140880 763.41200000
71 -543.05500726 71.49454803 763.41200000
72 -543.05500726 -71.49454803 763.41200000
73 -506.04670596 -209.61140880 763.41200000
74 -434.55215793 -333.44359846 763.41200000
75 -333.44359846 -434.55215793 763.41200000
76 -209.61140880 -506.04670596 763.41200000
77 -71.49454803 -543.05500726 763.41200000
78 71.49454803 -543.05500726 763.41200000
79 209.61140880 -506.04670596 763.41200000
80 333.44359846 -434.55215793 763.41200000
81 434.55215793 -333.44359846 763.41200000
82 506.04670596 -209.61140880 763.41200000
83 543.05500726 -71.49454803 763.41200000
84 623.03931675 70.19967149 699.79433333
85 591.79752382 207.07890982 699.79433333
86 530.88053192 333.57434692 699.79433333
87 443.34297338 443.34297338 699.79433333
88 333.57434692 530.88053192 699.79433333
89 207.07890982 591.79752382 699.79433333
90 70.19967149 623.03931675 699.79433333
91 -70.19967149 623.03931675 699.79433333
92 -207.07890982 591.79752382 699.79433333
93 -333.57434692 530.88053192 699.79433333
94 -443.34297338 443.34297338 699.79433333
95 -530.88053192 333.57434692 699.79433333
96 -591.79752382 207.07890982 699.79433333
97 -623.03931675 70.19967149 699.79433333
98 -623.03931675 -70.19967149 699.79433333
99 -591.79752382 -207.07890982 699.79433333
100 -530.88053192 -333.57434692 699.79433333
101 -443.34297338 -443.34297338 699.79433333
102 -333.57434692 -530.88053192 699.79433333
103 -207.07890982 -591.79752382 699.79433333
104 -70.19967149 -623.03931675 699.79433333
105 70.19967149 -623.03931675 699.79433333
106 207.07890982 -591.79752382 699.79433333
107 333.57434692 -530.88053192 699.79433333
108 443.34297338 -443.34297338 699.79433333
109 530.88053192 -333.57434692 699.79433333
110 591.79752382 -207.07890982 699.79433333
111 623.03931675 -70.19967149 699.79433333
112 696.95231066 68.64381115 626.38933333
113 670.16882422 203.29349028 626.38933333
114 617.63112569 330.13071459 626.38933333
115 541.35820938 444.28120068 626.38933333
116 444.28120068 541.35820938 626.38933333
117 330.13071459 617.63112569 626.38933333
118 203.29349028 670.16882422 626.38933333
119 68.64381115 696.95231066 626.38933333
120 -68.64381115 696.95231066 626.38933333
121 -203.29349028 670.16882422 626.38933333
122 -330.13071459 617.63112569 626.38933333
123 -444.28120068 541.35820938 626.38933333
124 -541.35820938 444.28120068 626.38933333
125 -617.63112569 330.13071459 626.38933333
126 -670.16882422 203.29349028 626.38933333
127 -696.95231066 68.64381115 626.38933333
128 -696.95231066 -68.64381115 626.38933333
129 -670.16882422 -203.29349028 626.38933333
130 -617.63112569 -330.13071459 626.38933333
131 -541.35820938 -444.28120068 626.38933333
132 -444.28120068 -541.35820938 626.38933333
133 -330.13071459 -617.63112569 626.38933333
134 -203.29349028 -670.16882422 626.38933333
135 -68.64381115 -696.95231066 626.38933333
136 68.64381115 -696.95231066 626.38933333
137 203.29349028 -670.16882422 626.38933333
138 330.13071459 -617.63112569 626.38933333
139 444.28120068 -541.35820938 626.38933333
140 541.35820938 -444.28120068 626.38933333
141 617.63112569 -330.13071459 626.38933333
142 670.16882422 -203.29349028 626.38933333
143 696.95231066 -68.64381115 626.38933333
144 763.16100147 0.00000000 548.09066667
145 748.49707682 148.88532553 548.09066667
146 705.06882927 292.04907149 548.09066667
147 634.54518202 423.98953542 548.09066667
148 539.63631928 539.63631928 548.09066667
149 423.98953542 634.54518202 548.09066667
150 292.04907149 705.06882927 548.09066667
151 148.88532553 748.49707682 548.09066667
152 0.00000000 763.16100147 548.09066667
153 -148.88532553 748.49707682 548.09066667
154 -292.04907149 705.06882927 548.09066667
155 -423.98953542 634.54518202 548.09066667
156 -539.63631928 539.63631928 548.09066667
157 -634.54518202 423.98953542 548.09066667
158 -705.06882927 292.04907149 548.09066667
159 -748.49707682 148.88532553 548.09066667
160 -763.16100147 0.00000000 548.09066667
161 -748.49707682 -148.88532553 548.09066667
162 -705.06882927 -292.04907149 548.09066667
163 -634.54518202 -423.98953542 548.09066667
164 -539.63631928 -539.63631928 548.09066667
165 -423.98953542 -634.54518202 548.09066667
166 -292.04907149 -705.06882927 548.09066667
167 -148.88532553 -748.49707682 548.09066667
168 -0.00000000 -763.16100147 548.09066667
169 148.88532553 -748.49707682 548.09066667
170 292.04907149 -705.06882927 548.09066667
171 423.98953542 -634.54518202 548.09066667
172 539.63631928 -539.63631928 548.09066667
173 634.54518202 -423.98953542 548.09066667
174 705.06882927 -292.04907149 548.09066667
175 748.49707682 -148.88532553 548.09066667
176 809.78540769 79.75690122 469.79200000
177 778.66580860 236.20569068 469.79200000
178 717.62251917 383.57722791 469.79200000
179 629.00139878 516.20810738 469.79200000
180 516.20810738 629.00139878 469.79200000
181 383.57722791 717.62251917 469.79200000
182 236.20569068 778.66580860 469.79200000
183 79.75690122 809.78540769 469.79200000
184 -79.75690122 809.78540769 469.79200000
185 -236.20569068 778.66580860 469.79200000
186 -383.57722791 717.62251917 469.79200000
187 -516.20810738 629.00139878 469.79200000
188 -629.00139878 516.20810738 469.79200000
189 -717.62251917 383.57722791 469.79200000
190 -778.66580860 236.20569068 469.79200000
191 -809.78540769 79.75690122 469.79200000
192 -809.78540769 -79.75690122 469.79200000
193 -778.66580860 -236.20569068 469.79200000
194 -717.62251917 -383.57722791 469.79200000
195 -629.00139878 -516.20810738 469.79200000
196 -516.20810738 -629.00139878 469.79200000
197 -383.57722791 -717.62251917 469.79200000
198 -236.20569068 -778.66580860 469.79200000
199 -79.75690122 -809.78540769 469.79200000
200 79.75690122 -809.78540769 469.79200000
201 236.20569068 -778.66580860 469.79200000
202 383.57722791 -717.62251917 469.79200000
203 516.20810738 -629.00139878 469.79200000
204 629.00139878 -516.20810738 469.79200000
205 717.62251917 -383.57722791 469.79200000
206 778.66580860 -236.20569068 469.79200000
207 809.78540769 -79.75690122 469.79200000
208 854.13761363 0.00000000 391.49333333
209 837.72559888 166.63398209 391.49333333
210 789.12025918 326.86431369 391.49333333
211 710.18947046 474.53343303 391.49333333
212 603.96649866 603.96649866 391.49333333
213 474.53343303 710.18947046 391.49333333
214 326.86431369 789.12025918 391.49333333
215 166.63398209 837.72559888 391.49333333
216 0.00000000 854.13761363 391.49333333
217 -166.63398209 837.72559888 391.49333333
218 -326.86431369 789.12025918 391.49333333
219 -474.53343303 710.18947046 391.49333333
220 -603.96649866 603.96649866 391.49333333
221 -710.18947046 474.53343303 391.49333333
222 -789.12025918 326.86431369 391.49333333
223 -837.72559888 166.63398209 391.49333333
224 -854.13761363 0.00000000 391.49333333
225 -837.72559888 -166.63398209 391.49333333
226 -789.12025918 -326.86431369 391.49333333
227 -710.18947046 -474.53343303 391.49333333
228 -603.96649866 -603.96649866 391.49333333
229 -474.53343303 -710.18947046 391.49333333
230 -326.86431369 -789.12025918 391.49333333
231 -166.63398209 -837.72559888 391.49333333
232 -0.00000000 -854.13761363 391.49333333
233 166.63398209 -837.72559888 391.49333333
234 326.86431369 -789.12025918 391.49333333
235 474.53343303 -710.18947046 391.49333333
236 603.96649866 -603.96649866 391.49333333
237 710.18947046 -474.53343303 391.49333333
238 789.12025918 -326.86431369 391.49333333
239 837.72559888 -166.63398209 391.49333333
240 881.58268888 86.82831620 313.19466667
241 847.70396054 257.14818511 313.19466667
242 781.24844440 417.58599348 313.19466667
243 684.76998867 561.97620630 313.19466667
244 561.97620630 684.76998867 313.19466667
245 417.58599348 781.24844440 313.19466667
246 257.14818511 847.70396054 313.19466667
247 86.82831620 881.58268888 313.19466667
248 -86.82831620 881.58268888 313.19466667
249 -257.14818511 847.70396054 313.19466667
250 -417.58599348 781.24844440 313.19466667
251 -561.97620630 684.76998867 313.19466667
252 -684.76998867 561.97620630 313.19466667
253 -781.24844440 417.58599348 313.19466667
254 -847.70396054 257.14818511 313.19466667
255 -881.58268888 86.82831620 313.19466667
256 -881.58268888 -86.82831620 313.19466667
257 -847.70396054 -257.14818511 313.19466667
258 -781.24844440 -417.58599348 313.19466667
259 -684.76998867 -561.97620630 313.19466667
260 -561.97620630 -684.76998867 313.19466667
261 -417.58599348 -781.24844440 313.19466667
262 -257.14818511 -847.70396054 313.19466667
263 -86.82831620 -881.58268888 313.19466667
264 86.82831620 -881.58268888 313.19466667
265 257.14818511 -847.70396054 313.19466667
266 417.58599348 -781.24844440 313.19466667
267 561.97620630 -684.76998867 313.19466667
268 684.76998867 -561.97620630 313.19466667
269 781.24844440 -417.58599348 313.19466667
270 847.70396054 -257.14818511 313.19466667
271 881.58268888 -86.82831620 313.19466667
272 909.74829609 0.00000000 234.89600000
273 892.26773768 177.48308804 234.89600000
274 840.49783050 348.14560054 234.89600000
275 756.42806304 505.42907285 234.89600000
276 643.28918934 643.28918934 234.89600000
277 505.42907285 756.42806304 234.89600000
278 348.14560054 840.49783050 234.89600000
279 177.48308804 892.26773768 234.89600000
280 0.00000000 909.74829609 234.89600000
281 -177.48308804 892.26773768 234.89600000
282 -348.14560054 840.49783050 234.89600000
283 -505.42907285 756.42806304 234.89600000
284 -643.28918934 643.28918934 234.89600000
285 -756.42806304 505.42907285 234.89600000
286 -840.49783050 348.14560054 234.89600000
287 -892.26773768 177.48308804 234.89600000
288 -909.74829609 0.00000000 234.89600000
289 -892.26773768 -177.48308804 234.89600000
290 -840.49783050 -348.14560054 234.89600000
291 -756.42806304 -505.42907285 234.89600000
292 -643.28918934 -643.28918934 234.89600000
293 -505.42907285 -756.42806304 234.89600000
294 -348.14560054 -840.49783050 234.89600000
295 -177.48308804 -892.26773768 234.89600000
296 -0.00000000 -909.74829609 234.89600000
297 177.48308804 -892.26773768 234.89600000
298 348.14560054 -840.49783050 234.89600000
299 505.42907285 -756.42806304 234.89600000
300 643.28918934 -643.28918934 234.89600000
301 756.42806304 -505.42907285 234.89600000
302 840.49783050 -348.14560054 234.89600000
303 892.26773768 -177.48308804 234.89600000
304 921.98124484 90.80722667 156.59733333
305 886.55002265 268.93200922 156.59733333
306 817.04918028 436.72188548 156.59733333
307 716.14959611 587.72878459 156.59733333
308 587.72878459 716.14959611 156.59733333
309 436.72188548 817.04918028 156.59733333
310 268.93200922 886.55002265 156.59733333
311 90.80722667 921.98124484 156.59733333
312 -90.80722667 921.98124484 156.59733333
313 -268.93200922 886.55002265 156.59733333
314 -436.72188548 817.04918028 156.59733333
315 -587.72878459 716.14959611 156.59733333
316 -716.14959611 587.72878459 156.59733333
317 -817.04918028 436.72188548 156.59733333
318 -886.55002265 268.93200922 156.59733333
319 -921.98124484 90.80722667 156.59733333
320 -921.98124484 -90.80722667 156.59733333
321 -886.55002265 -268.93200922 156.59733333
322 -817.04918028 -436.72188548 156.59733333
323 -716.14959611 -587.72878459 156.59733333
324 -587.72878459 -716.14959611 156.59733333
325 -436.72188548 -817.04918028 156.59733333
326 -268.93200922 -886.55002265 156.59733333
327 -90.80722667 -921.98124484 156.59733333
328 90.80722667 -921.98124484 156.59733333
329 268.93200922 -886.55002265 156.59733333
330 436.72188548 -817.04918028 156.59733333
331 587.72878459 -716.14959611 156.59733333
332 716.14959611 -587.72878459 156.59733333
333 817.04918028 -436.72188548 156.59733333
334 886.55002265 -268.93200922 156.59733333
335 921.98124484 -90.80722667 156.59733333
336 936.31587184 0.00000000 78.29866667
337 918.32482491 182.66616495 78.29866667
338 865.04306996 358.31257161 78.29866667
339 778.51819495 520.18922710 78.29866667
340 662.07530231 662.07530231 78.29866667
341 520.18922710 778.51819495 78.29866667
342 358.31257161 865.04306996 78.29866667
343 182.66616495 918.32482491 78.29866667
344 0.00000000 936.31587184 78.29866667
345 -182.66616495 918.32482491 78.29866667
346 -358.31257161 865.04306996 78.29866667
347 -520.18922710 778.51819495 78.29866667
348 -662.07530231 662.07530231 78.29866667
349 -778.51819495 520.18922710 78.29866667
350 -865.04306996 358.31257161 78.29866667
351 -918.32482491 182.66616495 78.29866667
352 -936.31587184 0.00000000 78.29866667
353 -918.32482491 -182.66616495 78.29866667
354 -865.04306996 -358.31257161 78.29866667
355 -778.51819495 -520.18922710 78.29866667
356 -662.07530231 -662.07530231 78.29866667
357 -520.18922710 -778.51819495 78.29866667
358 -358.31257161 -865.04306996 78.29866667
359 -182.66616495 -918.32482491 78.29866667
360 -0.00000000 -936.31587184 78.29866667
361 182.66616495 -918.32482491 78.29866667
362 358.31257161 -865.04306996 78.29866667
363 520.18922710 -778.51819495 78.29866667
364 662.07530231 -662.07530231 78.29866667
365 778.51819495 -520.18922710 78.29866667
366 865.04306996 -358.31257161 78.29866667
367 918.32482491 -182.66616495 78.29866667
368 935.05964623 92.09533678 0.00000000
369 899.12582841 272.74683819 0.00000000
370 828.63910924 442.91683157 0.00000000
371 726.30825381 596.06577951 0.00000000
372 596.06577951 726.30825381 0.00000000
373 442.91683157 828.63910924 0.00000000
374 272.74683819 899.12582841 0.00000000
375 92.09533678 935.05964623 0.00000000
376 -92.09533678 935.05964623 0.00000000
377 -272.74683819 899.12582841 0.00000000
378 -442.91683157 828.63910924 0.00000000
379 -596.06577951 726.30825381 0.00000000
380 -726.30825381 596.06577951 0.00000000
381 -828.63910924 442.91683157 0.00000000
382 -899.12582841 272.74683819 0.00000000
383 -935.05964623 92.09533678 0.00000000
384 -935.05964623 -92.09533678 0.00000000
385 -899.12582841 -272.74683819 0.00000000
386 -828.63910924 -442.91683157 0.00000000
387 -726.30825381 -596.06577951 0.00000000
388 -596.06577951 -726.30825381 0.00000000
389 -442.91683157 -828.63910924 0.00000000
390 -272.74683819 -899.12582841 0.00000000
391 -92.09533678 -935.05964623 0.00000000
392 92.09533678 -935.05964623 0.00000000
393 272.74683819 -899.12582841 0.00000000
394 442.91683157 -828.63910924 0.00000000
395 596.06577951 -726.30825381 0.00000000
396 726.30825381 -596.06577951 0.00000000
397 828.63910924 -442.91683157 0.00000000
398 899.12582841 -272.74683819 0.00000000
399 935.05964623 -92.09533678 0.00000000
400 936.31587184 0.00000000 -78.29866667
401 918.32482491 182.66616495 -78.29866667
402 865.04306996 358.31257161 -78.29866667
403 778.51819495 520.18922710 -78.29866667
404 662.07530231 662.07530231 -78.29866667
405 520.18922710 778.51819495 -78.29866667
406 358.31257161 865.04306996 -78.29866667
407 182.66616495 918.32482491 -78.29866667
408 0.00000000 936.31587184 -78.29866667
409 -182.66616495 918.32482491 -78.29866667
410 -358.31257161 865.04306996 -78.29866667
411 -520.18922710 778.51819495 -78.29866667
412 -662.07530231 662.07530231 -78.29866667
413 -778.51819495 520.18922710 -78.29866667
414 -865.04306996 358.31257161 -78.29866667
415 -918.32482491 182.66616495 -78.29866667
416 -936.31587184 0.00000000 -78.29866667
417 -918.32482491 -182.66616495 -78.29866667
418 -865.04306996 -358.31257161 -78.29866667
419 -778.51819495 -520.18922710 -78.29866667
420 -662.07530231 -662.07530231 -78.29866667
421 -520.18922710 -778.51819495 -78.29866667
422 -358.31257161 -865.04306996 -78.29866667
423 -182.66616495 -918.32482491 -78.29866667
424 -0.00000000 -936.31587184 -78.29866667
425 182.66616495 -918.32482491 -78.29866667
426 358.31257161 -865.04306996 -78.29866667
427 520.18922710 -778.51819495 -78.29866667
428 662.07530231 -662.07530231 -78.29866667
429 778.51819495 -520.18922710 -78.29866667
430 865.04306996 -358.31257161 -78.29866667
431 918.32482491 -182.66616495 -78.29866667
432 921.98124484 90.80722667 -156.59733333
433 886.55002265 268.93200922 -156.59733333
434 817.04918028 436.72188548 -156.59733333
435 716.14959611 587.72878459 -156.59733333
436 587.72878459 716.14959611 -156.59733333
437 436.72188548 817.04918028 -156.59733333
438 268.93200922 886.55002265 -156.59733333
439 90.80722667 921.98124484 -156.59733333
440 -90.80722667 921.98124484 -156.59733333
441 -268.93200922 886.55002265 -156.59733333
442 -436.72188548 817.04918028 -156.59733333
443 -587.72878459 716.14959611 -156.59733333
444 -716.14959611 587.72878459 -156.59733333
445 -817.04918028 436.72188548 -156.59733333
446 -886.55002265 268.93200922 -156.59733333
447 -921.98124484 90.80722667 -156.59733333
448 -921.98124484 -90.80722667 -156.59733333
449 -886.55002265 -268.93200922 -156.59733333
450 -817.04918028 -436.72188548 -156.59733333
451 -716.14959611 -587.72878459 -156.59733333
452 -587.72878459 -716.14959611 -156.59733333
453 -436.72188548 -817.04918028 -156.59733333
454 -268.93200922 -886.55002265 -156.59733333
455 -90.80722667 -921.98124484 -156.59733333
456 90.80722667 -921.98124484 -156.59733333
457 268.93200922 -886.55002265 -156.59733333
458 436.72188548 -817.04918028 -156.59733333
459 587.72878459 -716.14959611 -156.59733333
460 716.14959611 -587.72878459 -156.59733333
461 817.04918028 -436.72188548 -156.59733333
462 886.55002265 -268.93200922 -156.59733333
463 921.98124484 -90.80722667 -156.59733333
464 909.74829609 0.00000000 -234.89600000
465 892.26773768 177.48308804 -234.89600000
466 840.49783050 348.14560054 -234.89600000
467 756.42806304 505.42907285 -234.89600000
468 643.28918934 643.28918934 -234.89600000
469 505.42907285 756.42806304 -234.89600000
470 348.14560054 840.49783050 -234.89600000
471 177.48308804 892.26773768 -234.89600000
472 0.00000000 909.74829609 -234.89600000
473 -177.48308804 892.26773768 -234.89600000
474 -348.14560054 840.49783050 -234.89600000
475 -505.42907285 756.42806304 -234.89600000
476 -643.28918934 643.28918934 -234.89600000
477 -756.42806304 505.42907285 -234.89600000
478 -840.49783050 348.14560054 -234.89600000
479 -892.26773768 177.48308804 -234.89600000
480 -909.74829609 0.00000000 -234.89600000
481 -892.26773768 -177.48308804 -234.89600000
482 -840.49783050 -348.14560054 -234.89600000
483 -756.42806304 -505.42907285 -234.89600000
484 -643.28918934 -643.28918934 -234.89600000
485 -505.42907285 -756.42806304 -234.89600000
486 -348.14560054 -840.49783050 -234.89600000
487 -177.48308804 -892.26773768 -234.89600000
488 -0.00000000 -909.74829609 -234.89600000
489 177.48308804 -892.26773768 -234.89600000
490 348.14560054 -840.49783050 -234.89600000
491 505.42907285 -756.42806304 -234.89600000
492 643.28918934 -643.28918934 -234.89600000
493 756.42806304 -505.42907285 -234.89600000
494 840.49783050 -348.14560054 -234.89600000
495 892.26773768 -177.48308804 -234.89600000
496 881.58268888 86.82831620 -313.19466667
497 847.70396054 257.14818511 -313.19466667
498 781.24844440 417.58599348 -313.19466667
499 684.76998867 561.97620630 -313.19466667
500 561.97620630 684.76998867 -313.19466667
501 417.58599348 781.24844440 -313.19466667
502 257.14818511 847.70396054 -313.19466667
503 86.82831620 881.58268888 -313.19466667
504 -86.82831620 881.58268888 -313.19466667
505 -257.14818511 847.70396054 -313.19466667
506 -417.58599348 781.24844440 -313.19466667
507 -561.97620630 684.76998867 -313.19466667
508 -684.76998867 561.97620630 -313.19466667
509 -781.24844440 417.58599348 -313.19466667
510 -847.70396054 257.14818511 -313.19466667
511 -881.58268888 86.82831620 -313.19466667
512 -881.58268888 -86.82831620 -313.19466667
513 -847.70396054 -257.14818511 -313.19466667
514 -781.24844440 -417.58599348 -313.19466667
515 -684.76998867 -561.97620630 -313.19466667
516 -561.97620630 -684.76998867 -313.19466667
517 -417.58599348 -781.24844440 -313.19466667
518 -257.14818511 -847.70396054 -313.19466667
519 -86.82831620 -881.58268888 -313.19466667
520 86.82831620 -881.58268888 -313.19466667
521 257.14818511 -847.70396054 -313.19466667
522 417.58599348 -781.24844440 -313.19466667
523 561.97620630 -684.76998867 -313.19466667
524 684.76998867 -561.97620630 -313.19466667
525 781.24844440 -417.58599348 -313.19466667
526 847.70396054 -257.14818511 -313.19466667
527 881.58268888 -86.82831620 -313.19466667
528 854.13761363 0.00000000 -391.49333333
529 837.72559888 166.63398209 -391.49333333
530 789.12025918 326.86431369 -391.49333333
531 710.18947046 474.53343303 -391.49333333
532 603.96649866 603.96649866 -391.49333333
533 474.53343303 710.18947046 -391.49333333
534 326.86431369 789.12025918 -391.49333333
535 166.63398209 837.72559888 -391.49333333
536 0.00000000 854.13761363 -391.49333333
537 -166.63398209 837.72559888 -391.49333333
538 -326.86431369 789.12025918 -391.49333333
539 -474.53343303 710.18947046 -391.49333333
540 -603.96649866 603.96649866 -391.49333333
541 -710.18947046 474.53343303 -391.49333333
542 -789.12025918 326.86431369 -391.49333333
543 -837.72559888 166.63398209 -391.49333333
544 -854.13761363 0.00000000 -391.49333333
545 -837.72559888 -166.63398209 -391.49333333
546 -789.12025918 -326.86431369 -391.49333333
547 -710.18947046 -474.53343303 -391.49333333
548 -603.96649866 -603.96649866 -391.49333333
549 -474.53343303 -710.18947046 -391.49333333
550 -326.86431369 -789.12025918 -391.49333333
551 -166.63398209 -837.72559888 -391.49333333
552 -0.00000000 -854.13761363 -391.49333333
553 166.63398209 -837.72559888 -391.49333333
554 326.86431369 -789.12025918 -391.49333333
555 474.53343303 -710.18947046 -391.49333333
556 603.96649866 -603.96649866 -391.49333333
557 710.18947046 -474.53343303 -391.49333333
558 789.12025918 -326.86431369 -391.49333333
559 837.72559888 -166.63398209 -391.49333333
560 809.78540769 79.75690122 -469.79200000
561 778.66580860 236.20569068 -469.79200000
562 717.62251917 383.57722791 -469.79200000
563 629.00139878 516.20810738 -469.79200000
564 516.20810738 629.00139878 -469.79200000
565 383.57722791 717.62251917 -469.79200000
566 236.20569068 778.66580860 -469.79200000
567 79.75690122 809.78540769 -469.79200000
568 -79.75690122 809.78540769 -469.79200000
569 -236.20569068 778.66580860 -469.79200000
570 -383.57722791 717.62251917 -469.79200000
571 -516.20810738 629.00139878 -469.79200000
572 -629.00139878 516.20810738 -469.79200000
573 -717.62251917 383.57722791 -469.79200000
574 -778.66580860 236.20569068 -469.79200000
575 -809.78540769 79.75690122 -469.79200000
576 -809.78540769 -79.75690122 -469.79200000
577 -778.66580860 -236.20569068 -469.79200000
578 -717.62251917 -383.57722791 -469.79200000
579 -629.00139878 -516.20810738 -469.79200000
580 -516.20810738 -629.00139878 -469.79200000
581 -383.57722791 -717.62251917 -469.79200000
582 -236.20569068 -778.66580860 -469.79200000
583 -79.75690122 -809.78540769 -469.79200000
584 79.75690122 -809.78540769 -469.79200000
585 236.20569068 -778.66580860 -469.79200000
586 383.57722791 -717.62251917 -469.79200000
587 516.20810738 -629.00139878 -469.79200000
588 629.00139878 -516.20810738 -469.79200000
589 717.62251917 -383.57722791 -469.79200000
590 778.66580860 -236.20569068 -469.79200000
591 809.78540769 -79.75690122 -469.79200000
592 763.16100147 0.00000000 -548.09066667
593 748.49707682 148.88532553 -548.09066667
594 705.06882927 292.04907149 -548.09066667
595 634.54518202 423.98953542 -548.09066667
596 539.63631928 539.63631928 -548.09066667
597 423.98953542 634.54518202 -548.09066667
598 292.04907149 705.06882927 -548.09066667
599 148.88532553 748.49707682 -548.09066667
600 0.00000000 763.16100147 -548.09066667
601 -148.88532553 748.49707682 -548.09066667
602 -292.04907149 705.06882927 -548.09066667
603 -423.98953542 634.54518202 -548.09066667
604 -539.63631928 539.63631928 -548.09066667
605 -634.54518202 423.98953542 -548.09066667
606 -705.06882927 292.04907149 -548.09066667
607 -748.49707682 148.88532553 -548.09066667
608 -763.16100147 0.00000000 -548.09066667
609 -748.49707682 -148.88532553 -548.09066667
610 -705.06882927 -292.04907149 -548.09066667
611 -634.54518202 -423.98953542 -548.09066667
612 -539.63631928 -539.63631928 -548.09066667
613 -423.98953542 -634.54518202 -548.09066667
614 -292.04907149 -705.06882927 -548.09066667
615 -148.88532553 -748.49707682 -548.09066667
616 -0.00000000 -763.16100147 -548.09066667
617 148.88532553 -748.49707682 -548.09066667
618 292.04907149 -705.06882927 -548.09066667
619 423.98953542 -634.54518202 -548.09066667
620 539.63631928 -539.63631928 -548.09066667
621 634.54518202 -423.98953542 -548.09066667
622 705.06882927 -292.04907149 -548.09066667
623 748.49707682 -148.88532553 -548.09066667
624 696.95231066 68.64381115 -626.38933333
625 670.16882422 203.29349028 -626.38933333
626 617.63112569 330.13071459 -626.38933333
627 541.35820938 444.28120068 -626.38933333
628 444.28120068 541.35820938 -626.38933333
629 330.13071459 617.63112569 -626.38933333
630 203.29349028 670.16882422 -626.38933333
631 68.64381115 696.95231066 -626.38933333
632 -68.64381115 696.95231066 -626.38933333
633 -203.29349028 670.16882422 -626.38933333
634 -330.13071459 617.63112569 -626.38933333
635 -444.28120068 541.35820938 -626.38933333
636 -541.35820938 444.28120068 -626.38933333
637 -617.63112569 330.13071459 -626.38933333
638 -670.16882422 203.29349028 -626.38933333
639 -696.95231066 68.64381115 -626.38933333
640 -696.95231066 -68.64381115 -626.38933333
641 -670.16882422 -203.29349028 -626.38933333
642 -617.63112569 -330.13071459 -626.38933333
643 -541.35820938 -444.28120068 -626.38933333
644 -444.28120068 -541.35820938 -626.38933333
645 -330.13071459 -617.63112569 -626.38933333
646 -203.29349028 -670.16882422 -626.38933333
647 -68.64381115 -696.95231066 -626.38933333
648 68.64381115 -696.95231066 -626.38933333
649 203.29349028 -670.16882422 -626.38933333
650 330.13071459 -617.63112569 -626.38933333
651 444.28120068 -541.35820938 -626.38933333
652 541.35820938 -444.28120068 -626.38933333
653 617.63112569 -330.13071459 -626.38933333
654 670.16882422 -203.29349028 -626.38933333
655 696.95231066 -68.64381115 -626.38933333
656 623.03931675 70.19967149 -699.79433333
657 591.79752382 207.07890982 -699.79433333
658 530.88053192 333.57434692 -699.79433333
659 443.34297338 443.34297338 -699.79433333
660 333.57434692 530.88053192 -699.79433333
661 207.07890982 591.79752382 -699.79433333
662 70.19967149 623.03931675 -699.79433333
663 -70.19967149 623.03931675 -699.79433333
664 -207.07890982 591.79752382 -699.79433333
665 -333.57434692 530.88053192 -699.79433333
666 -443.34297338 443.34297338 -699.79433333
667 -530.88053192 333.57434692 -699.79433333
668 -591.79752382 207.07890982 -699.79433333
669 -623.03931675 70.19967149 -699.79433333
670 -623.03931675 -70.19967149 -699.79433333
671 -591.79752382 -207.07890982 -699.79433333
672 -530.88053192 -333.57434692 -699.79433333
673 -443.34297338 -443.34297338 -699.79433333
674 -333.57434692 -530.88053192 -699.79433333
675 -207.07890982 -591.79752382 -699.79433333
676 -70.19967149 -623.03931675 -699.79433333
677 70.19967149 -623.03931675 -699.79433333
678 207.07890982 -591.79752382 -699.79433333
679 333.57434692 -530.88053192 -699.79433333
680 443.34297338 -443.34297338 -699.79433333
681 530.88053192 -333.57434692 -699.79433333
682 591.79752382 -207.07890982 -699.79433333
683 623.03931675 -70.19967149 -699.79433333
684 543.05500726 71.49454803 -763.41200000
685 506.04670596 209.61140880 -763.41200000
686 434.55215793 333.44359846 -763.41200000
687 333.44359846 434.55215793 -763.41200000
688 209.61140880 506.04670596 -763.41200000
689 71.49454803 543.05500726 -763.41200000
690 -71.49454803 543.05500726 -763.41200000
691 -209.61140880 506.04670596 -763.41200000
692 -333.44359846 434.55215793 -763.41200000
693 -434.55215793 333.44359846 -763.41200000
694 -506.04670596 209.61140880 -763.41200000
695 -543.05500726 71.49454803 -763.41200000
696 -543.05500726 -71.49454803 -763.41200000
697 -506.04670596 -209.61140880 -763.41200000
698 -434.55215793 -333.44359846 -763.41200000
699 -333.44359846 -434.55215793 -763.41200000
700 -209.61140880 -506.04670596 -763.41200000
701 -71.49454803 -543.05500726 -763.41200000
702 71.49454803 -543.05500726 -763.41200000
703 209.61140880 -506.04670596 -763.41200000
704 333.44359846 -434.55215793 -763.41200000
705 434.55215793 -333.44359846 -763.41200000
706 506.04670596 -209.61140880 -763.41200000
707 543.05500726 -71.49454803 -763.41200000
708 457.90094482 72.52438487 -817.24233333
709 413.07840995 210.47396251 -817.24233333
710 327.82088224 327.82088224 -817.24233333
711 210.47396251 413.07840995 -817.24233333
712 72.52438487 457.90094482 -817.24233333
713 -72.52438487 457.90094482 -817.24233333
714 -210.47396251 413.07840995 -817.24233333
715 -327.82088224 327.82088224 -817.24233333
716 -413.07840995 210.47396251 -817.24233333
717 -457.90094482 72.52438487 -817.24233333
718 -457.90094482 -72.52438487 -817.24233333
719 -413.07840995 -210.47396251 -817.24233333
720 -327.82088224 -327.82088224 -817.24233333
721 -210.47396251 -413.07840995 -817.24233333
722 -72.52438487 -457.90094482 -817.24233333
723 72.52438487 -457.90094482 -817.24233333
724 210.47396251 -413.07840995 -817.24233333
725 327.82088224 -327.82088224 -817.24233333
726 413.07840995 -210.47396251 -817.24233333
727 457.90094482 -72.52438487 -817.24233333
728 368.29194801 73.25782327 -861.28533333
729 312.22283750 208.62063029 -861.28533333
730 208.62063029 312.22283750 -861.28533333
731 73.25782327 368.29194801 -861.28533333
732 -73.25782327 368.29194801 -861.28533333
733 -208.62063029 312.22283750 -861.28533333
734 -312.22283750 208.62063029 -861.28533333
735 -368.29194801 73.25782327 -861.28533333
736 -368.29194801 -73.25782327 -861.28533333
737 -312.22283750 -208.62063029 -861.28533333
738 -208.62063029 -312.22283750 -861.28533333
739 -73.25782327 -368.29194801 -861.28533333
740 73.25782327 -368.29194801 -861.28533333
741 208.62063029 -312.22283750 -861.28533333
742 312.22283750 -208.62063029 -861.28533333
743 368.29194801 -73.25782327 -861.28533333
744 274.60917957 73.58130790 -895.54100000
745 201.02787167 201.02787167 -895.54100000
746 73.58130790 274.60917957 -895.54100000
747 -73.58130790 274.60917957 -895.54100000
748 -201.02787167 201.02787167 -895.54100000
749 -274.60917957 73.58130790 -895.54100000
750 -274.60917957 -73.58130790 -895.54100000
751 -201.02787167 -201.02787167 -895.54100000
752 -73.58130790 -274.60917957 -895.54100000
753 73.58130790 -274.60917957 -895.54100000
754 201.02787167 -201.02787167 -895.54100000
755 274.60917957 -73.58130790 -895.54100000
756 176.26720732 73.01226787 -920.00933333
757 73.01226787 176.26720732 -920.00933333
758 -73.01226787 176.26720732 -920.00933333
759 -176.26720732 73.01226787 -920.00933333
760 -176.26720732 -73.01226787 -920.00933333
761 -73.01226787 -176.26720732 -920.00933333
762 73.01226787 -176.26720732 -920.00933333
763 176.26720732 -73.01226787 -920.00933333
764 67.72028437 67.72028437 -934.69033333
765 -67.72028437 67.72028437 -934.69033333
766 -67.72028437 -67.72028437 -934.69033333
767 67.72028437 -67.72028437 -934.69033333
