8048 -2336.32 -2446 -7319.51 900 0.122173 0
8049 -2340.05 -2417.61 -7319.51 900 0.122173 0.261799
8050 -2351.01 -2391.16 -7319.51 900 0.122173 0.523599
8051 -2368.44 -2368.44 -7319.51 900 0.122173 0.785398
8052 -2391.16 -2351.01 -7319.51 900 0.122173 1.0472
8053 -2417.61 -2340.05 -7319.51 900 0.122173 1.309
8054 -2446 -2336.32 -7319.51 900 0.122173 1.5708
8055 -2474.39 -2340.05 -7319.51 900 0.122173 1.8326
8056 -2500.84 -2351.01 -7319.51 900 0.122173 2.0944
8057 -2523.56 -2368.44 -7319.51 900 0.122173 2.35619
8058 -2540.99 -2391.16 -7319.51 900 0.122173 2.61799
8059 -2551.95 -2417.61 -7319.51 900 0.122173 2.87979
8060 -2555.68 -2446 -7319.51 900 0.122173 3.14159
8061 -2551.95 -2474.39 -7319.51 900 0.122173 3.40339
8062 -2540.99 -2500.84 -7319.51 900 0.122173 3.66519
8063 -2523.56 -2523.56 -7319.51 900 0.122173 3.92699
8064 -2500.84 -2540.99 -7319.51 900 0.122173 4.18879
8065 -2474.39 -2551.95 -7319.51 900 0.122173 4.45059
8066 -2446 -2555.68 -7319.51 900 0.122173 4.71239
8067 -2417.61 -2551.95 -7319.51 900 0.122173 4.97419
8068 -2391.16 -2540.99 -7319.51 900 0.122173 5.23599
8069 -2368.44 -2523.56 -7319.51 900 0.122173 5.49779
8070 -2351.01 -2500.84 -7319.51 900 0.122173 5.75959
8071 -2340.05 -2474.39 -7319.51 900 0.122173 6.02139
8072 -2367.56 -2446 -7316.22 900 0.0872665 0
8073 -2374.34 -2414.1 -7316.22 900 0.0872665 0.418879
8074 -2393.51 -2387.71 -7316.22 900 0.0872665 0.837758
8075 -2421.76 -2371.4 -7316.22 900 0.0872665 1.25664
8076 -2454.2 -2367.99 -7316.22 900 0.0872665 1.67552
8077 -2485.22 -2378.07 -7316.22 900 0.0872665 2.0944
8078 -2509.46 -2399.89 -7316.22 900 0.0872665 2.51327
8079 -2522.73 -2429.69 -7316.22 900 0.0872665 2.93215
8080 -2522.73 -2462.31 -7316.22 900 0.0872665 3.35103
8081 -2509.46 -2492.11 -7316.22 900 0.0872665 3.76991
8082 -2485.22 -2513.93 -7316.22 900 0.0872665 4.18879
8083 -2454.2 -2524.01 -7316.22 900 0.0872665 4.60767
8084 -2421.76 -2520.6 -7316.22 900 0.0872665 5.02655
8085 -2393.51 -2504.29 -7316.22 900 0.0872665 5.44543
8086 -2374.34 -2477.9 -7316.22 900 0.0872665 5.86431
8087 -2398.9 -2446 -7314.03 900 0.0523599 0
8088 -2409.92 -2415.72 -7314.03 900 0.0523599 0.698132
8089 -2437.82 -2399.61 -7314.03 900 0.0523599 1.39626
8090 -2469.55 -2405.21 -7314.03 900 0.0523599 2.0944
8091 -2490.26 -2429.89 -7314.03 900 0.0523599 2.79253
8092 -2490.26 -2462.11 -7314.03 900 0.0523599 3.49066
8093 -2469.55 -2486.79 -7314.03 900 0.0523599 4.18879
8094 -2437.82 -2492.39 -7314.03 900 0.0523599 4.88692
8095 -2409.92 -2476.28 -7314.03 900 0.0523599 5.58505
8096 -2430.29 -2446 -7312.94 900 0.0174533 0
8097 -2453.85 -2432.4 -7312.94 900 0.0174533 2.0944
8098 -2453.85 -2459.6 -7312.94 900 0.0174533 4.18879
8099 -2336.32 -2446 -9106.09 900 3.01942 0
8100 -2340.05 -2417.61 -9106.09 900 3.01942 0.261799
8101 -2351.01 -2391.16 -9106.09 900 3.01942 0.523599
8102 -2368.44 -2368.44 -9106.09 900 3.01942 0.785398
8103 -2391.16 -2351.01 -9106.09 900 3.01942 1.0472
8104 -2417.61 -2340.05 -9106.09 900 3.01942 1.309
8105 -2446 -2336.32 -9106.09 900 3.01942 1.5708
8106 -2474.39 -2340.05 -9106.09 900 3.01942 1.8326
8107 -2500.84 -2351.01 -9106.09 900 3.01942 2.0944
8108 -2523.56 -2368.44 -9106.09 900 3.01942 2.35619
8109 -2540.99 -2391.16 -9106.09 900 3.01942 2.61799
8110 -2551.95 -2417.61 -9106.09 900 3.01942 2.87979
8111 -2555.68 -2446 -9106.09 900 3.01942 3.14159
8112 -2551.95 -2474.39 -9106.09 900 3.01942 3.40339
8113 -2540.99 -2500.84 -9106.09 900 3.01942 3.66519
8114 -2523.56 -2523.56 -9106.09 900 3.01942 3.92699
8115 -2500.84 -2540.99 -9106.09 900 3.01942 4.18879
8116 -2474.39 -2551.95 -9106.09 900 3.01942 4.45059
8117 -2446 -2555.68 -9106.09 900 3.01942 4.71239
8118 -2417.61 -2551.95 -9106.09 900 3.01942 4.97419
8119 -2391.16 -2540.99 -9106.09 900 3.01942 5.23599
8120 -2368.44 -2523.56 -9106.09 900 3.01942 5.49779
8121 -2351.01 -2500.84 -9106.09 900 3.01942 5.75959
8122 -2340.05 -2474.39 -9106.09 900 3.01942 6.02139
8123 -2367.56 -2446 -9109.38 900 3.05433 0
8124 -2374.34 -2414.1 -9109.38 900 3.05433 0.418879
8125 -2393.51 -2387.71 -9109.38 900 3.05433 0.837758
8126 -2421.76 -2371.4 -9109.38 900 3.05433 1.25664
8127 -2454.2 -2367.99 -9109.38 900 3.05433 1.67552
8128 -2485.22 -2378.07 -9109.38 900 3.05433 2.0944
8129 -2509.46 -2399.89 -9109.38 900 3.05433 2.51327
8130 -2522.73 -2429.69 -9109.38 900 3.05433 2.93215
8131 -2522.73 -2462.31 -9109.38 900 3.05433 3.35103
8132 -2509.46 -2492.11 -9109.38 900 3.05433 3.76991
8133 -2485.22 -2513.93 -9109.38 900 3.05433 4.18879
8134 -2454.2 -2524.01 -9109.38 900 3.05433 4.60767
8135 -2421.76 -2520.6 -9109.38 900 3.05433 5.02655
8136 -2393.51 -2504.29 -9109.38 900 3.05433 5.44543
8137 -2374.34 -2477.9 -9109.38 900 3.05433 5.86431
8138 -2398.9 -2446 -9111.57 900 3.08923 0
8139 -2409.92 -2415.72 -9111.57 900 3.08923 0.698132
8140 -2437.82 -2399.61 -9111.57 900 3.08923 1.39626
8141 -2469.55 -2405.21 -9111.57 900 3.08923 2.0944
8142 -2490.26 -2429.89 -9111.57 900 3.08923 2.79253
8143 -2490.26 -2462.11 -9111.57 900 3.08923 3.49066
8144 -2469.55 -2486.79 -9111.57 900 3.08923 4.18879
8145 -2437.82 -2492.39 -9111.57 900 3.08923 4.88692
8146 -2409.92 -2476.28 -9111.57 900 3.08923 5.58505
8147 -2430.29 -2446 -9112.66 900 3.12414 0
8148 -2453.85 -2432.4 -9112.66 900 3.12414 2.0944
8149 -2453.85 -2459.6 -9112.66 900 3.12414 4.18879
