8048 -2331.49 -2446 -7280.22 939.584 0.122173 0
8049 -2335.4 -2416.36 -7280.22 939.584 0.122173 0.261799
8050 -2346.83 -2388.75 -7280.22 939.584 0.122173 0.523599
8051 -2365.03 -2365.03 -7280.22 939.584 0.122173 0.785398
8052 -2388.75 -2346.83 -7280.22 939.584 0.122173 1.0472
8053 -2416.36 -2335.4 -7280.22 939.584 0.122173 1.309
8054 -2446 -2331.49 -7280.22 939.584 0.122173 1.5708
8055 -2475.64 -2335.4 -7280.22 939.584 0.122173 1.8326
8056 -2503.25 -2346.83 -7280.22 939.584 0.122173 2.0944
8057 -2526.97 -2365.03 -7280.22 939.584 0.122173 2.35619
8058 -2545.17 -2388.75 -7280.22 939.584 0.122173 2.61799
8059 -2556.6 -2416.36 -7280.22 939.584 0.122173 2.87979
8060 -2560.51 -2446 -7280.22 939.584 0.122173 3.14159
8061 -2556.6 -2475.64 -7280.22 939.584 0.122173 3.40339
8062 -2545.17 -2503.25 -7280.22 939.584 0.122173 3.66519
8063 -2526.97 -2526.97 -7280.22 939.584 0.122173 3.92699
8064 -2503.25 -2545.17 -7280.22 939.584 0.122173 4.18879
8065 -2475.64 -2556.6 -7280.22 939.584 0.122173 4.45059
8066 -2446 -2560.51 -7280.22 939.584 0.122173 4.71239
8067 -2416.36 -2556.6 -7280.22 939.584 0.122173 4.97419
8068 -2388.75 -2545.17 -7280.22 939.584 0.122173 5.23599
8069 -2365.03 -2526.97 -7280.22 939.584 0.122173 5.49779
8070 -2346.83 -2503.25 -7280.22 939.584 0.122173 5.75959
8071 -2335.4 -2475.64 -7280.22 939.584 0.122173 6.02139
8072 -2364.11 -2446 -7276.79 939.584 0.0872665 0
8073 -2371.19 -2412.69 -7276.79 939.584 0.0872665 0.418879
8074 -2391.2 -2385.14 -7276.79 939.584 0.0872665 0.837758
8075 -2420.69 -2368.12 -7276.79 939.584 0.0872665 1.25664
8076 -2454.56 -2364.56 -7276.79 939.584 0.0872665 1.67552
8077 -2486.95 -2375.08 -7276.79 939.584 0.0872665 2.0944
8078 -2512.25 -2397.87 -7276.79 939.584 0.0872665 2.51327
8079 -2526.1 -2428.97 -7276.79 939.584 0.0872665 2.93215
8080 -2526.1 -2463.03 -7276.79 939.584 0.0872665 3.35103
8081 -2512.25 -2494.13 -7276.79 939.584 0.0872665 3.76991
8082 -2486.95 -2516.92 -7276.79 939.584 0.0872665 4.18879
8083 -2454.56 -2527.44 -7276.79 939.584 0.0872665 4.60767
8084 -2420.69 -2523.88 -7276.79 939.584 0.0872665 5.02655
8085 -2391.2 -2506.86 -7276.79 939.584 0.0872665 5.44543
8086 -2371.19 -2479.31 -7276.79 939.584 0.0872665 5.86431
8087 -2396.83 -2446 -7274.5 939.584 0.0523599 0
8088 -2408.33 -2414.39 -7274.5 939.584 0.0523599 0.698132
8089 -2437.46 -2397.57 -7274.5 939.584 0.0523599 1.39626
8090 -2470.59 -2403.41 -7274.5 939.584 0.0523599 2.0944
8091 -2492.21 -2429.18 -7274.5 939.584 0.0523599 2.79253
8092 -2492.21 -2462.82 -7274.5 939.584 0.0523599 3.49066
8093 -2470.59 -2488.59 -7274.5 939.584 0.0523599 4.18879
8094 -2437.46 -2494.43 -7274.5 939.584 0.0523599 4.88692
8095 -2408.33 -2477.61 -7274.5 939.584 0.0523599 5.58505
8096 -2429.6 -2446 -7273.36 939.584 0.0174533 0
8097 -2454.2 -2431.8 -7273.36 939.584 0.0174533 2.0944
8098 -2454.2 -2460.2 -7273.36 939.584 0.0174533 4.18879
8099 -2331.49 -2446 -9145.38 939.584 3.01942 0
8100 -2335.4 -2416.36 -9145.38 939.584 3.01942 0.261799
8101 -2346.83 -2388.75 -9145.38 939.584 3.01942 0.523599
8102 -2365.03 -2365.03 -9145.38 939.584 3.01942 0.785398
8103 -2388.75 -2346.83 -9145.38 939.584 3.01942 1.0472
8104 -2416.36 -2335.4 -9145.38 939.584 3.01942 1.309
8105 -2446 -2331.49 -9145.38 939.584 3.01942 1.5708
8106 -2475.64 -2335.4 -9145.38 939.584 3.01942 1.8326
8107 -2503.25 -2346.83 -9145.38 939.584 3.01942 2.0944
8108 -2526.97 -2365.03 -9145.38 939.584 3.01942 2.35619
8109 -2545.17 -2388.75 -9145.38 939.584 3.01942 2.61799
8110 -2556.6 -2416.36 -9145.38 939.584 3.01942 2.87979
8111 -2560.51 -2446 -9145.38 939.584 3.01942 3.14159
8112 -2556.6 -2475.64 -9145.38 939.584 3.01942 3.40339
8113 -2545.17 -2503.25 -9145.38 939.584 3.01942 3.66519
8114 -2526.97 -2526.97 -9145.38 939.584 3.01942 3.92699
8115 -2503.25 -2545.17 -9145.38 939.584 3.01942 4.18879
8116 -2475.64 -2556.6 -9145.38 939.584 3.01942 4.45059
8117 -2446 -2560.51 -9145.38 939.584 3.01942 4.71239
8118 -2416.36 -2556.6 -9145.38 939.584 3.01942 4.97419
8119 -2388.75 -2545.17 -9145.38 939.584 3.01942 5.23599
8120 -2365.03 -2526.97 -9145.38 939.584 3.01942 5.49779
8121 -2346.83 -2503.25 -9145.38 939.584 3.01942 5.75959
8122 -2335.4 -2475.64 -9145.38 939.584 3.01942 6.02139
8123 -2364.11 -2446 -9148.81 939.584 3.05433 0
8124 -2371.19 -2412.69 -9148.81 939.584 3.05433 0.418879
8125 -2391.2 -2385.14 -9148.81 939.584 3.05433 0.837758
8126 -2420.69 -2368.12 -9148.81 939.584 3.05433 1.25664
8127 -2454.56 -2364.56 -9148.81 939.584 3.05433 1.67552
8128 -2486.95 -2375.08 -9148.81 939.584 3.05433 2.0944
8129 -2512.25 -2397.87 -9148.81 939.584 3.05433 2.51327
8130 -2526.1 -2428.97 -9148.81 939.584 3.05433 2.93215
8131 -2526.1 -2463.03 -9148.81 939.584 3.05433 3.35103
8132 -2512.25 -2494.13 -9148.81 939.584 3.05433 3.76991
8133 -2486.95 -2516.92 -9148.81 939.584 3.05433 4.18879
8134 -2454.56 -2527.44 -9148.81 939.584 3.05433 4.60767
8135 -2420.69 -2523.88 -9148.81 939.584 3.05433 5.02655
8136 -2391.2 -2506.86 -9148.81 939.584 3.05433 5.44543
8137 -2371.19 -2479.31 -9148.81 939.584 3.05433 5.86431
8138 -2396.83 -2446 -9151.1 939.584 3.08923 0
8139 -2408.33 -2414.39 -9151.1 939.584 3.08923 0.698132
8140 -2437.46 -2397.57 -9151.1 939.584 3.08923 1.39626
8141 -2470.59 -2403.41 -9151.1 939.584 3.08923 2.0944
8142 -2492.21 -2429.18 -9151.1 939.584 3.08923 2.79253
8143 -2492.21 -2462.82 -9151.1 939.584 3.08923 3.49066
8144 -2470.59 -2488.59 -9151.1 939.584 3.08923 4.18879
8145 -2437.46 -2494.43 -9151.1 939.584 3.08923 4.88692
8146 -2408.33 -2477.61 -9151.1 939.584 3.08923 5.58505
8147 -2429.6 -2446 -9152.24 939.584 3.12414 0
8148 -2454.2 -2431.8 -9152.24 939.584 3.12414 2.0944
8149 -2454.2 -2460.2 -9152.24 939.584 3.12414 4.18879
