0 134.90907982 134.90907982 920.00933333
1 -134.90907982 134.90907982 920.00933333
2 -134.90907982 -134.90907982 920.00933333
3 134.90907982 -134.90907982 920.00933333
4 346.92342917 143.70038947 861.28533333
5 143.70038947 346.92342917 861.28533333
6 -143.70038947 346.92342917 861.28533333
7 -346.92342917 143.70038947 861.28533333
8 -346.92342917 -143.70038947 861.28533333
9 -143.70038947 -346.92342917 861.28533333
10 143.70038947 -346.92342917 861.28533333
11 346.92342917 -143.70038947 861.28533333
12 529.07718527 141.76580453 763.41200000
13 387.31138075 387.31138075 763.41200000
14 141.76580453 529.07718527 763.41200000
15 -141.76580453 529.07718527 763.41200000
16 -387.31138075 387.31138075 763.41200000
17 -529.07718527 141.76580453 763.41200000
18 -529.07718527 -141.76580453 763.41200000
19 -387.31138075 -387.31138075 763.41200000
20 -141.76580453 -529.07718527 763.41200000
21 141.76580453 -529.07718527 763.41200000
22 387.31138075 -387.31138075 763.41200000
23 529.07718527 -141.76580453 763.41200000
24 686.86802472 136.62654487 626.38933333
25 582.29859443 389.07948169 626.38933333
26 389.07948169 582.29859443 626.38933333
27 136.62654487 686.86802472 626.38933333
28 -136.62654487 686.86802472 626.38933333
29 -389.07948169 582.29859443 626.38933333
30 -582.29859443 389.07948169 626.38933333
31 -686.86802472 136.62654487 626.38933333
32 -686.86802472 -136.62654487 626.38933333
33 -582.29859443 -389.07948169 626.38933333
34 -389.07948169 -582.29859443 626.38933333
35 -136.62654487 -686.86802472 626.38933333
36 136.62654487 -686.86802472 626.38933333
37 389.07948169 -582.29859443 626.38933333
38 582.29859443 -389.07948169 626.38933333
39 686.86802472 -136.62654487 626.38933333
40 813.70361299 0.00000000 469.79200000
41 751.76411357 311.39089155 469.79200000
42 575.37534262 575.37534262 469.79200000
43 311.39089155 751.76411357 469.79200000
44 0.00000000 813.70361299 469.79200000
45 -311.39089155 751.76411357 469.79200000
46 -575.37534262 575.37534262 469.79200000
47 -751.76411357 311.39089155 469.79200000
48 -813.70361299 0.00000000 469.79200000
49 -751.76411357 -311.39089155 469.79200000
50 -575.37534262 -575.37534262 469.79200000
51 -311.39089155 -751.76411357 469.79200000
52 -0.00000000 -813.70361299 469.79200000
53 311.39089155 -751.76411357 469.79200000
54 575.37534262 -575.37534262 469.79200000
55 751.76411357 -311.39089155 469.79200000
56 868.82696402 172.82042826 313.19466667
57 736.55593468 492.15094119 313.19466667
58 492.15094119 736.55593468 313.19466667
59 172.82042826 868.82696402 313.19466667
60 -172.82042826 868.82696402 313.19466667
61 -492.15094119 736.55593468 313.19466667
62 -736.55593468 492.15094119 313.19466667
63 -868.82696402 172.82042826 313.19466667
64 -868.82696402 -172.82042826 313.19466667
65 -736.55593468 -492.15094119 313.19466667
66 -492.15094119 -736.55593468 313.19466667
67 -172.82042826 -868.82696402 313.19466667
68 172.82042826 -868.82696402 313.19466667
69 492.15094119 -736.55593468 313.19466667
70 736.55593468 -492.15094119 313.19466667
71 868.82696402 -172.82042826 313.19466667
72 926.44231782 0.00000000 156.59733333
73 855.92109549 354.53412607 156.59733333
74 655.09364531 655.09364531 156.59733333
75 354.53412607 855.92109549 156.59733333
76 0.00000000 926.44231782 156.59733333
77 -354.53412607 855.92109549 156.59733333
78 -655.09364531 655.09364531 156.59733333
79 -855.92109549 354.53412607 156.59733333
80 -926.44231782 0.00000000 156.59733333
81 -855.92109549 -354.53412607 156.59733333
82 -655.09364531 -655.09364531 156.59733333
83 -354.53412607 -855.92109549 156.59733333
84 -0.00000000 -926.44231782 156.59733333
85 354.53412607 -855.92109549 156.59733333
86 655.09364531 -655.09364531 156.59733333
87 855.92109549 -354.53412607 156.59733333
88 921.53015690 183.30374512 0.00000000
89 781.23554421 522.00490182 0.00000000
90 522.00490182 781.23554421 0.00000000
91 183.30374512 921.53015690 0.00000000
92 -183.30374512 921.53015690 0.00000000
93 -522.00490182 781.23554421 0.00000000
94 -781.23554421 522.00490182 0.00000000
95 -921.53015690 183.30374512 0.00000000
96 -921.53015690 -183.30374512 0.00000000
97 -781.23554421 -522.00490182 0.00000000
98 -522.00490182 -781.23554421 0.00000000
99 -183.30374512 -921.53015690 0.00000000
100 183.30374512 -921.53015690 0.00000000
101 522.00490182 -781.23554421 0.00000000
102 781.23554421 -522.00490182 0.00000000
103 921.53015690 -183.30374512 0.00000000
104 926.44231782 0.00000000 -156.59733333
105 855.92109549 354.53412607 -156.59733333
106 655.09364531 655.09364531 -156.59733333
107 354.53412607 855.92109549 -156.59733333
108 0.00000000 926.44231782 -156.59733333
109 -354.53412607 855.92109549 -156.59733333
110 -655.09364531 655.09364531 -156.59733333
111 -855.92109549 354.53412607 -156.59733333
112 -926.44231782 0.00000000 -156.59733333
113 -855.92109549 -354.53412607 -156.59733333
114 -655.09364531 -655.09364531 -156.59733333
115 -354.53412607 -855.92109549 -156.59733333
116 -0.00000000 -926.44231782 -156.59733333
117 354.53412607 -855.92109549 -156.59733333
118 655.09364531 -655.09364531 -156.59733333
119 855.92109549 -354.53412607 -156.59733333
120 868.82696402 172.82042826 -313.19466667
121 736.55593468 492.15094119 -313.19466667
122 492.15094119 736.55593468 -313.19466667
123 172.82042826 868.82696402 -313.19466667
124 -172.82042826 868.82696402 -313.19466667
125 -492.15094119 736.55593468 -313.19466667
126 -736.55593468 492.15094119 -313.19466667
127 -868.82696402 172.82042826 -313.19466667
128 -868.82696402 -172.82042826 -313.19466667
129 -736.55593468 -492.15094119 -313.19466667
130 -492.15094119 -736.55593468 -313.19466667
131 -172.82042826 -868.82696402 -313.19466667
132 172.82042826 -868.82696402 -313.19466667
133 492.15094119 -736.55593468 -313.19466667
134 736.55593468 -492.15094119 -313.19466667
135 868.82696402 -172.82042826 -313.19466667
136 813.70361299 0.00000000 -469.79200000
137 751.76411357 311.39089155 -469.79200000
138 575.37534262 575.37534262 -469.79200000
139 311.39089155 751.76411357 -469.79200000
140 0.00000000 813.70361299 -469.79200000
141 -311.39089155 751.76411357 -469.79200000
142 -575.37534262 575.37534262 -469.79200000
143 -751.76411357 311.39089155 -469.79200000
144 -813.70361299 0.00000000 -469.79200000
145 -751.76411357 -311.39089155 -469.79200000
146 -575.37534262 -575.37534262 -469.79200000
147 -311.39089155 -751.76411357 -469.79200000
148 -0.00000000 -813.70361299 -469.79200000
149 311.39089155 -751.76411357 -469.79200000
150 575.37534262 -575.37534262 -469.79200000
151 751.76411357 -311.39089155 -469.79200000
152 686.86802472 136.62654487 -626.38933333
153 582.29859443 389.07948169 -626.38933333
154 389.07948169 582.29859443 -626.38933333
155 136.62654487 686.86802472 -626.38933333
156 -136.62654487 686.86802472 -626.38933333
157 -389.07948169 582.29859443 -626.38933333
158 -582.29859443 389.07948169 -626.38933333
159 -686.86802472 136.62654487 -626.38933333
160 -686.86802472 -136.62654487 -626.38933333
161 -582.29859443 -389.07948169 -626.38933333
162 -389.07948169 -582.29859443 -626.38933333
163 -136.62654487 -686.86802472 -626.38933333
164 136.62654487 -686.86802472 -626.38933333
165 389.07948169 -582.29859443 -626.38933333
166 582.29859443 -389.07948169 -626.38933333
167 686.86802472 -136.62654487 -626.38933333
168 529.07718527 141.76580453 -763.41200000
169 387.31138075 387.31138075 -763.41200000
170 141.76580453 529.07718527 -763.41200000
171 -141.76580453 529.07718527 -763.41200000
172 -387.31138075 387.31138075 -763.41200000
173 -529.07718527 141.76580453 -763.41200000
174 -529.07718527 -141.76580453 -763.41200000
175 -387.31138075 -387.31138075 -763.41200000
176 -141.76580453 -529.07718527 -763.41200000
177 141.76580453 -529.07718527 -763.41200000
178 387.31138075 -387.31138075 -763.41200000
179 529.07718527 -141.76580453 -763.41200000
180 346.92342917 143.70038947 -861.28533333
181 143.70038947 346.92342917 -861.28533333
182 -143.70038947 346.92342917 -861.28533333
183 -346.92342917 143.70038947 -861.28533333
184 -346.92342917 -143.70038947 -861.28533333
185 -143.70038947 -346.92342917 -861.28533333
186 143.70038947 -346.92342917 -861.28533333
187 346.92342917 -143.70038947 -861.28533333
188 134.90907982 134.90907982 -920.00933333
189 -134.90907982 134.90907982 -920.00933333
190 -134.90907982 -134.90907982 -920.00933333
191 134.90907982 -134.90907982 -920.00933333
